id,time,concentration,popPred_medianCOV,popPred,indivPred_SAEM,indivPred_mean,indivPred_mode,indWRes_SAEM,indWRes_mean,indWRes_mode
1,24,9.2,8.26001,8.26001,9.25179,9.28379,9.30886,-0.0720454,-0.116308,-0.150843
1,36,8.5,6.8269,6.8269,7.79454,7.81203,7.8379,1.0943,1.06569,1.02354
1,48,6.4,5.64244,5.64244,6.56682,6.57359,6.59937,-0.286527,-0.297974,-0.34146
1,72,4.8,3.85437,3.85437,4.66106,4.65457,4.67852,0.286302,0.29988,0.249872
1,96,3.1,2.63293,2.63293,3.30837,3.29577,3.31676,-0.500327,-0.470791,-0.519935
1,120,2.5,1.79856,1.79856,2.34825,2.33364,2.35137,0.412772,0.453422,0.404121
2,0.5,0.02,0,0,0,0,0,0.0805835,0.0805835,0.0805835
2,2,8.4,9.6467,9.6467,8.29654,8.23915,8.08229,0.154377,0.241047,0.481876
2,3,9.7,11.0335,11.0335,10.2229,10.3114,10.0837,-0.680717,-0.791223,-0.504158
2,6,9.8,10.9862,10.9862,10.9852,11.0423,11.0934,-1.46869,-1.53392,-1.59198
2,12,11,9.99396,9.99396,10.1088,10.1407,10.2397,1.16895,1.12478,0.988626
2,24,8.3,8.26001,8.26001,8.43484,8.45145,8.51403,-0.199103,-0.223345,-0.314162
2,36,7.7,6.8269,6.8269,7.03787,7.04351,7.07854,1.0923,1.08248,1.02171
2,48,6.3,5.64244,5.64244,5.87226,5.87012,5.88508,0.782131,0.786198,0.757782
2,72,4.1,3.85437,3.85437,4.08821,4.07721,4.0679,0.0258398,0.0500266,0.0705426
2,96,3,2.63293,2.63293,2.84618,2.83191,2.81182,0.391442,0.428549,0.481018
2,120,1.4,1.79856,1.79856,1.98148,1.96696,1.94359,-1.66623,-1.62805,-1.5663
3,3,12,13.2403,13.2403,13.5164,13.101,12.0377,-1.62057,-1.20382,-0.0437901
3,6,13.2,13.1834,13.1834,13.2809,13.2619,13.2914,-0.0875371,-0.0671334,-0.0988846
3,9,14.4,12.5778,12.5778,12.7687,12.7603,12.8789,1.81721,1.82743,1.68399
3,24,9.6,9.91201,9.91201,10.484,10.4801,10.5582,-1.13118,-1.1265,-1.22026
3,36,8.2,8.19229,8.19229,8.95427,8.95292,9.00249,-1.07192,-1.0701,-1.13648
3,48,7.8,6.77093,6.77093,7.64775,7.64827,7.676,0.238933,0.238105,0.194169
3,72,5.8,4.62524,4.62524,5.5788,5.58163,5.58058,0.415815,0.41039,0.412409
3,96,4.3,3.15952,3.15952,4.06957,4.07341,4.05717,0.506233,0.497565,0.534201
3,120,3,2.15828,2.15828,2.96862,2.97273,2.94963,0.078599,0.0682666,0.126483
4,3,11.1,6.62013,9.61951,11.5705,11.5025,11.0532,-0.56229,-0.482999,0.0577022
4,6,11.9,6.59169,9.43172,11.1114,11.0363,11.128,0.969571,1.06691,0.948134
4,9,9.8,6.28889,8.85642,10.6463,10.5759,10.6682,-1.0716,-0.986949,-1.09786
4,12,11,5.99637,8.31104,10.2006,10.1347,10.2195,1.04211,1.133,1.01622
4,24,8.5,4.95601,6.4451,8.597,8.54656,8.60517,-0.141508,-0.0681717,-0.153334
4,36,7.6,4.09614,4.99808,7.24547,7.20727,7.24584,0.574841,0.638801,0.574234
4,48,5.4,3.38546,3.87594,6.10641,6.07785,6.10123,-1.26416,-1.2162,-1.25547
4,72,4.5,2.31262,2.3309,4.33736,4.32224,4.32589,0.346916,0.379793,0.371854
4,96,3.3,1.57976,1.40175,3.08081,3.07374,3.06713,0.541348,0.559294,0.57611
4,120,2.3,1.07914,0.842983,2.18828,2.18588,2.17466,0.310751,0.317548,0.349337
5,6,8.6,12.4144,12.4144,9.22023,9.16379,9.20969,-0.864807,-0.789269,-0.850746
5,12,8.6,11.2932,11.2932,8.40232,8.35839,8.39949,0.292607,0.358811,0.296859
5,24,7,9.33381,9.33381,6.97772,6.95359,6.98332,0.0369368,0.0770996,0.0276408
5,36,5.7,7.7144,7.7144,5.79466,5.7849,5.80592,-0.174353,-0.156513,-0.194882
5,48,4.7,6.37596,6.37596,4.81219,4.81263,4.82703,-0.227581,-0.22846,-0.257297
5,72,3.3,4.35544,4.35544,3.31873,3.33085,3.33656,-0.0449151,-0.0738782,-0.0874786
5,96,2.3,2.97521,2.97521,2.28876,2.30531,2.30631,0.0308169,-0.0145181,-0.0172543
5,120,1.7,2.03238,2.03238,1.57845,1.59552,1.59417,0.370046,0.31724,0.32139
6,3,13.4,9.93019,14.4293,13.8761,13.8163,13.4575,-0.49909,-0.437773,-0.0616973
6,6,12.4,9.88754,14.1476,12.3867,12.3552,12.4638,0.0151795,0.0511295,-0.0723364
6,9,12.7,9.43334,13.2846,11.0476,11.019,11.123,2.03965,2.07867,1.93738
6,12,8.8,8.99456,12.4666,9.85328,9.82733,9.92164,-1.40551,-1.3733,-1.48982
6,24,6.1,7.43401,9.66764,6.23495,6.21738,6.28081,-0.2387,-0.207948,-0.318507
6,36,3.5,6.14421,7.49712,3.94534,3.9335,3.97601,-0.992131,-0.967038,-1.05678
6,48,1.8,5.0782,5.81391,2.49653,2.48857,2.51698,-1.85653,-1.8373,-1.90574
6,72,1.5,3.46893,3.49635,0.999635,0.99608,1.00866,1.67325,1.68616,1.64056
6,96,1,2.36964,2.10263,0.400263,0.398692,0.404211,2.23324,2.23976,2.21688
7,2,17.6,13.023,13.023,16.355,16.3648,16.22,1.15262,1.14308,1.28578
7,3,17.3,14.8953,14.8953,16.0216,16.0274,16.0154,1.20244,1.19664,1.20862
7,6,15,14.8313,14.8313,15.0163,15.0272,15.019,-0.0161068,-0.0268447,-0.0187483
7,9,15,14.15,14.15,14.074,14.0893,14.0806,0.960534,0.943841,0.953289
7,12,12.4,13.4918,13.4918,13.1908,13.21,13.2009,-0.860313,-0.880294,-0.870853
7,24,7.9,11.151,11.151,10.1785,10.2083,10.1984,-2.9748,-3.00772,-2.99676
7,36,7.9,9.21632,9.21632,7.85413,7.88865,7.87874,0.0708214,0.0174823,0.0327654
7,48,5.1,7.61729,7.61729,6.06055,6.0961,6.08672,-1.72615,-1.78425,-1.76894
7,72,3.6,5.2034,5.2034,3.60861,3.64043,3.63275,-0.0199452,-0.0932867,-0.0756507
7,96,2.4,3.55446,3.55446,2.14866,2.17396,2.16815,0.703072,0.630028,0.646768
7,120,2,2.42806,2.42806,1.27937,1.29823,1.29402,2.30037,2.23332,2.24824
8,0.5,0.01,0,0,0,0,0,0.0402917,0.0402917,0.0402917
8,1,1,2.46189,3.60589,1.02912,1.16283,0.941413,-0.0968768,-0.529803,0.197878
8,2,4.6,7.23502,10.5598,4.97601,4.84829,4.93755,-0.75006,-0.501785,-0.67598
8,3,8,8.27516,12.0244,7.62505,7.40882,7.60871,0.58949,0.945809,0.615999
8,6,11.5,8.23961,11.7896,11.2076,11.1102,11.1943,0.357357,0.479288,0.373958
8,9,11.4,7.86111,11.0705,11.8791,11.9637,11.852,-0.56204,-0.657981,-0.531082
8,12,11,7.49547,10.3888,11.6119,11.7968,11.5777,-0.729493,-0.939358,-0.690159
8,24,9.1,6.19501,8.05637,9.24425,9.43633,9.21803,-0.200791,-0.461876,-0.164602
8,36,8.2,5.12018,6.2476,7.21091,7.33035,7.19711,1.60832,1.40027,1.63262
8,48,5.9,4.23183,4.84492,5.62302,5.69044,5.61761,0.518479,0.389776,0.528876
8,72,3.6,2.89078,2.91363,3.4192,3.42905,3.42244,0.428315,0.404509,0.420492
8,96,1.7,1.9747,1.75219,2.07912,2.06634,2.08506,-1.07112,-1.03691,-1.08698
8,120,1.1,1.34892,1.05373,1.26426,1.24517,1.27029,-0.525621,-0.465997,-0.54439
9,24,8.6,8.67301,8.67301,8.58665,8.5809,8.69097,0.0194862,0.0278951,-0.131782
9,36,8,7.16825,7.16825,7.37591,7.37625,7.45874,1.00114,1.00056,0.862445
9,48,6,5.92456,5.92456,6.33589,6.34072,6.40122,-0.58879,-0.597004,-0.699234
9,72,4.4,4.04709,4.04709,4.6751,4.68538,4.71474,-0.566063,-0.586571,-0.644935
9,96,3.6,2.76458,2.76458,3.44965,3.46219,3.47258,0.354882,0.324801,0.299936
9,120,2.8,1.88849,1.88849,2.54542,2.55833,2.55768,0.674097,0.638795,0.640556
10,0.5,0.01,0,0,0,0,0,0.0402917,0.0402917,0.0402917
10,1,1.9,3.28252,3.28252,1.61703,1.56337,1.58247,0.856325,1.02722,0.966072
10,2,3.3,9.6467,9.6467,4.45333,4.43244,4.34065,-2.42952,-2.39086,-2.21895
10,3,6.6,11.0335,11.0335,6.40146,6.41353,6.28261,0.346003,0.324621,0.559018
10,6,9.1,10.9862,10.9862,9.06463,9.14673,9.07206,0.0498677,-0.0654921,0.0393783
10,9,10.8,10.4815,10.4815,9.42815,9.53059,9.54876,1.885,1.73185,1.70491
10,12,8.6,9.99396,9.99396,8.97517,9.06603,9.13784,-0.532357,-0.656979,-0.754333
10,24,5.6,8.26001,8.26001,6.12969,6.11242,6.17188,-0.945897,-0.916498,-1.01734
10,36,4,6.8269,6.8269,4.03488,3.95786,3.96613,-0.076925,0.0937383,0.0752746
10,48,2.7,5.64244,5.64244,2.65281,2.55909,2.543,0.123162,0.372411,0.415843
10,72,0.8,3.85437,3.85437,1.14663,1.06977,1.04524,-1.13088,-0.891496,-0.813768
11,1.5,11.4,9.3311,9.3311,11.9149,12.2373,11.3335,-0.602745,-0.961667,0.0806404
11,3,15.4,13.5713,13.5713,15.4095,15.4568,15.4484,-0.00917699,-0.0549441,-0.046841
11,6,17.5,13.513,13.513,15.16,14.9721,15.107,2.29562,2.50339,2.35383
11,12,14,12.2926,12.2926,13.6579,13.4845,13.6095,0.362809,0.551823,0.415173
11,24,9,10.1598,10.1598,11.0715,10.9349,11.039,-2.55314,-2.40539,-2.51815
11,36,8.9,8.39709,8.39709,8.97492,8.86739,8.95391,-0.106311,0.0466415,-0.0766132
11,48,6.6,6.9402,6.9402,7.27535,7.19077,7.26268,-1.09233,-0.962228,-1.07297
11,72,4.2,4.74087,4.74087,4.7808,4.72862,4.77822,-1.18199,-1.08165,-1.17706
11,96,3.6,3.23851,3.23851,3.14157,3.10953,3.14366,1.12363,1.20699,1.11822
11,120,2.6,2.21223,2.21223,2.0644,2.04481,2.06826,1.51643,1.57633,1.50467
12,1.5,0.6,8.57248,8.57248,0,0,0,2.4175,2.4175,2.4175
12,3,2.8,12.4679,12.4679,3.11316,3.05191,2.79455,-0.770292,-0.624422,0.0139732
12,6,13.8,12.4144,12.4144,14.2796,14.2654,13.9421,-0.492165,-0.477907,-0.148452
12,9,15,11.8441,11.8441,14.4033,14.1707,14.2491,0.608378,0.855867,0.771708
12,24,10.5,9.33381,9.33381,10.9026,10.7572,10.847,-0.501535,-0.323429,-0.433784
12,36,9.1,7.7144,7.7144,8.6844,8.60658,8.66241,0.60237,0.719291,0.635272
12,48,6.6,6.37596,6.37596,6.9175,6.88589,6.9178,-0.529116,-0.477723,-0.529604
12,72,4.9,4.35544,4.35544,4.38902,4.40778,4.41191,1.08386,1.04197,1.03276
12,96,2.4,2.97521,2.97521,2.78475,2.82149,2.81375,-0.986942,-1.07603,-1.05732
12,120,1.9,2.03238,2.03238,1.76687,1.80608,1.7945,0.3938,0.276175,0.310781
13,1.5,3.6,8.57248,8.57248,4.95541,4.50925,3.59134,-2.70945,-1.90395,0.0200884
13,3,12.9,12.4679,12.4679,12.2829,12.4224,12.1653,0.706871,0.542717,0.847387
13,6,12.9,12.4144,12.4144,11.5966,11.7742,11.6491,1.5553,1.32904,1.48781
13,9,10.2,11.8441,11.8441,10.9306,11.0957,10.9816,-0.908442,-1.10226,-0.968818
13,24,6.4,9.33381,9.33381,8.13222,8.24654,8.17555,-2.61725,-2.76568,-2.67382
13,36,6.9,7.7144,7.7144,6.41893,6.50379,6.4565,0.837074,0.68429,0.769143
13,48,4.5,6.37596,6.37596,5.0666,5.12933,5.09891,-1.11996,-1.23616,-1.18
13,72,3.2,4.35544,4.35544,3.15663,3.19043,3.18008,0.106104,0.0233178,0.048587
13,96,2.4,2.97521,2.97521,1.96667,1.98444,1.98335,1.2444,1.19027,1.19359
13,120,1.3,2.03238,2.03238,1.22529,1.23432,1.23697,0.24061,0.211221,0.202595
14,0.5,0.02,0,0,0,0,0,0.0805835,0.0805835,0.0805835
14,1,2.7,2.46189,3.60589,3.08367,2.91206,2.6877,-0.947221,-0.535073,0.0319457
14,2,11.6,7.23502,10.5598,11.1287,11.2906,11.3227,0.578743,0.376183,0.336469
14,3,11.6,8.27516,12.0244,11.8008,11.6502,11.6921,-0.236687,-0.0596825,-0.10921
14,6,11.3,8.23961,11.7896,11.0436,10.8469,10.8851,0.316621,0.566471,0.517391
14,9,9.7,7.86111,11.0705,10.2217,10.0521,10.0869,-0.679211,-0.463609,-0.508235
14,24,6.5,6.19501,8.05637,6.94318,6.87099,6.89253,-0.73696,-0.620701,-0.655533
14,36,5.2,5.12018,6.2476,5.09549,5.06791,5.08247,0.205977,0.261064,0.231946
14,48,3.6,4.23183,4.84492,3.7395,3.73799,3.74775,-0.3182,-0.31481,-0.336703
14,72,2.4,2.89078,2.91363,2.01404,2.03356,2.03781,1.10073,1.04212,1.0294
14,96,0.9,1.9747,1.75219,1.08473,1.10631,1.10804,-0.608949,-0.67761,-0.683108
15,1,6.6,2.79014,4.08667,8.13861,7.02802,6.52746,-2.32358,-0.706677,0.125021
15,3,11.9,9.37852,13.6276,12.3579,12.142,12.2343,-0.522295,-0.279464,-0.384031
15,6,11.7,9.33823,13.3616,11.8623,11.9023,11.8961,-0.190599,-0.237013,-0.229822
15,9,12.2,8.90926,12.5466,11.3505,11.3931,11.3837,1.02903,0.974824,0.986799
15,24,8.1,7.02101,9.13055,9.10405,9.14246,9.12991,-1.41161,-1.46159,-1.44529
15,36,7.4,5.80287,7.08061,7.63152,7.66652,7.65268,-0.363804,-0.417633,-0.396389
15,48,6.8,4.79607,5.49091,6.39716,6.42885,6.41447,0.702315,0.645255,0.671111
15,72,5.3,3.27621,3.30211,4.4951,4.52067,4.50666,1.68798,1.62991,1.6617
15,96,3,2.23799,1.98582,3.15858,3.17887,3.16627,-0.387861,-0.436395,-0.406287
15,120,2,1.52878,1.19423,2.21944,2.23534,2.22455,-0.607734,-0.650297,-0.621427
16,24,10.4,7.18621,7.18621,9.71999,9.79507,9.92722,0.915703,0.810435,0.627737
16,36,8.9,5.93941,5.93941,8.10259,8.13641,8.25185,1.20758,1.15335,0.970385
16,48,7,4.90892,4.90892,6.75432,6.75863,6.85922,0.415169,0.407743,0.235772
16,72,4.4,3.3533,3.3533,4.69351,4.66347,4.73939,-0.602769,-0.542788,-0.693664
16,96,3.2,2.29065,2.29065,3.26147,3.21781,3.27468,-0.148448,-0.0432413,-0.180065
16,120,2.4,1.56475,1.56475,2.26636,2.2203,2.26265,0.367669,0.49761,0.37809
17,24,7.6,9.66421,9.66421,7.8757,7.93794,8.02307,-0.424939,-0.518337,-0.644638
17,36,6.4,7.98748,7.98748,6.66617,6.69013,6.76639,-0.453229,-0.493007,-0.618506
17,48,6,6.60166,6.60166,5.6424,5.63847,5.70654,0.668169,0.675748,0.544999
17,72,4,4.50961,4.50961,4.04239,4.00512,4.05887,-0.0934044,-0.0113303,-0.129477
17,96,3.1,3.08053,3.08053,2.89609,2.84492,2.88693,0.515564,0.649231,0.539356
17,120,2,2.10432,2.10432,2.07485,2.0208,2.05338,-0.211604,-0.0592638,-0.151367
18,24,7.6,9.25121,9.25121,8.03786,8.1545,8.31477,-0.666398,-0.836378,-1.06503
18,36,6.6,7.64613,7.64613,6.22554,6.30447,6.41624,0.662928,0.519489,0.319828
18,48,5.4,6.31953,6.31953,4.82185,4.87417,4.9512,1.17163,1.05989,0.897525
18,72,3.4,4.31689,4.31689,2.89259,2.91342,2.94829,1.28352,1.22754,1.13449
18,96,1.2,2.94888,2.94888,1.73524,1.74143,1.75562,-1.59083,-1.60771,-1.64632
18,120,0.9,2.01439,2.01439,1.04096,1.0409,1.04542,-0.468084,-0.467892,-0.482534
19,24,6.6,7.88831,7.88831,6.48814,6.56127,6.64042,0.193447,0.0665537,-0.0689869
19,36,5.3,6.51969,6.51969,5.11376,5.14606,5.20147,0.366398,0.30188,0.192148
19,48,3.6,5.38853,5.38853,4.03051,4.03609,4.07434,-0.949908,-0.961631,-1.04149
19,72,2.7,3.68092,3.68092,2.50379,2.48276,2.49987,0.522451,0.58012,0.533178
19,96,1.4,2.51445,2.51445,1.55538,1.52724,1.53384,-0.474735,-0.390457,-0.410272
19,120,1.1,1.71763,1.71763,0.966221,0.939465,0.941108,0.449921,0.54239,0.536686
20,24,9.6,7.31011,7.31011,9.16282,9.2091,9.30294,0.61207,0.545469,0.411781
20,36,8,6.04181,6.04181,7.80578,7.85599,7.91941,0.301001,0.222312,0.123784
20,48,6.6,4.99356,4.99356,6.64973,6.70169,6.74164,-0.0847935,-0.17262,-0.239621
20,72,5.6,3.41112,3.41112,4.8259,4.87698,4.88552,1.56806,1.45692,1.43844
20,96,3.5,2.33015,2.33015,3.5023,3.5491,3.54044,-0.00539502,-0.114518,-0.0944139
20,120,2.3,1.59173,1.59173,2.54172,2.58276,2.56568,-0.640361,-0.744964,-0.701558
21,24,7.3,7.68181,7.68181,7.07501,6.98729,7.11221,0.370013,0.518068,0.307873
21,36,6.1,6.34902,6.34902,5.86514,5.81322,5.89366,0.429725,0.527286,0.376553
21,48,4.3,5.24747,5.24747,4.86217,4.83642,4.88388,-1.13453,-1.08543,-1.17572
21,72,3.2,3.58456,3.58456,3.34144,3.34765,3.35371,-0.338249,-0.35282,-0.367045
21,96,2.3,2.44863,2.44863,2.29635,2.31715,2.30296,0.0100105,-0.0468609,-0.00810208
21,120,1.9,1.67267,1.67267,1.57812,1.60387,1.58142,0.979947,0.897968,0.969417
22,24,8.9,7.18621,7.18621,9.3286,9.47424,9.60574,-0.59305,-0.786507,-0.95784
22,36,8.4,5.93941,5.93941,7.76858,7.84211,7.97435,0.98146,0.862145,0.651028
22,48,8,4.90892,4.90892,6.46944,6.49115,6.62002,2.65139,2.60878,2.35923
22,72,4.4,3.3533,3.3533,4.48659,4.44733,4.56235,-0.18176,-0.099771,-0.338036
22,96,3.2,2.29065,2.29065,3.11148,3.04703,3.14425,0.21779,0.379398,0.136602
22,120,1.7,1.56475,1.56475,2.15783,2.08764,2.16693,-1.27902,-1.09384,-1.30278
23,24,9.8,9.08601,9.08601,9.6835,9.6245,9.70231,0.157273,0.237881,0.131702
23,36,8.4,7.50959,7.50959,8.07453,8.02863,8.10241,0.493948,0.565612,0.450671
23,48,6.6,6.20668,6.20668,6.7329,6.69738,6.76632,-0.225002,-0.165364,-0.280778
23,72,4.8,4.23981,4.23981,4.68136,4.66049,4.71879,0.243952,0.287508,0.166349
23,96,3.2,2.89623,2.89623,3.25493,3.24308,3.29085,-0.13277,-0.104271,-0.218601
23,120,2.4,1.97842,1.97842,2.26314,2.25675,2.29501,0.376693,0.394636,0.287692
24,24,8.2,9.49901,9.49901,8.43202,8.49449,8.56996,-0.342671,-0.432895,-0.540787
24,36,7.5,7.85094,7.85094,7.56288,7.59078,7.65665,-0.099359,-0.143117,-0.24566
24,48,6.8,6.48881,6.48881,6.78333,6.78321,6.84067,0.0280973,0.0282947,-0.0682147
24,72,5.5,4.43252,4.43252,5.45701,5.41669,5.46032,0.0817748,0.159075,0.0754483
24,96,4.5,3.02787,3.02787,4.39001,4.32546,4.35851,0.233275,0.372781,0.301121
24,120,3.7,2.06835,2.06835,3.53164,3.45407,3.47902,0.393507,0.580188,0.519757
25,24,11,9.25121,9.25121,11.1898,11.1664,11.2863,-0.232225,-0.203923,-0.348134
25,36,10,7.64613,7.64613,9.33987,9.35962,9.45996,0.912696,0.884159,0.740404
25,48,8.2,6.31953,6.31953,7.79576,7.84516,7.92918,0.626985,0.548234,0.415672
25,72,6,4.31689,4.31689,5.43118,5.51174,5.57066,1.08459,0.923769,0.807719
25,96,3.7,2.94888,2.94888,3.78381,3.87236,3.91367,-0.190201,-0.38718,-0.477732
25,120,2.6,2.01439,2.01439,2.63612,2.72059,2.74956,-0.094489,-0.311934,-0.385404
26,24,10,9.91201,9.91201,10.1202,10.1822,10.2253,-0.157562,-0.237855,-0.29328
26,36,9,8.19229,8.19229,8.53981,8.59514,8.63379,0.674196,0.590689,0.532783
26,48,7.3,6.77093,6.77093,7.2062,7.25544,7.28996,0.152584,0.0721957,0.0162212
26,72,5.2,4.62524,4.62524,5.13125,5.16993,5.19724,0.135023,0.0588322,0.0053852
26,96,3.7,3.15952,3.15952,3.65376,3.68388,3.70527,0.106544,0.0370134,-0.0120797
26,120,2.7,2.15828,2.15828,2.60169,2.62498,2.64161,0.258344,0.196534,0.15264
27,24,11.8,9.91201,9.91201,11.01,11.0852,11.1718,0.977506,0.880266,0.769377
27,36,9.2,8.19229,8.19229,9.1087,9.17271,9.22481,0.128321,0.0381744,-0.0345786
27,48,7.7,6.77093,6.77093,7.53576,7.5902,7.61711,0.260073,0.173114,0.130403
27,72,4.9,4.62524,4.62524,5.15785,5.19713,5.19345,-0.505045,-0.57971,-0.57274
27,96,3.4,3.15952,3.15952,3.53029,3.55856,3.54097,-0.304588,-0.369427,-0.329125
27,120,2.7,2.15828,2.15828,2.41631,2.4366,2.41428,0.764464,0.707808,0.770144
28,24,10.1,9.91201,9.91201,9.70821,9.6677,9.73191,0.528015,0.584224,0.495264
28,36,8,8.19229,8.19229,8.04334,8.03571,8.06124,-0.0659286,-0.054361,-0.0930414
28,48,6,6.77093,6.77093,6.66398,6.67922,6.67738,-1.13082,-1.15525,-1.15231
28,72,4.9,4.62524,4.62524,4.57434,4.61453,4.58156,0.677239,0.591135,0.6617
28,96,3.4,3.15952,3.15952,3.13995,3.18808,3.14356,0.637525,0.516417,0.628389
28,120,2,2.15828,2.15828,2.15535,2.20258,2.1569,-0.43414,-0.562372,-0.438379
29,24,8.3,12.6378,12.6378,8.62715,8.62269,8.70927,-0.476182,-0.469843,-0.592118
29,36,7,10.4452,10.4452,7.20126,7.18699,7.25269,-0.327529,-0.30466,-0.409477
29,48,5.6,8.63293,8.63293,6.01105,5.99034,6.03972,-0.742031,-0.70599,-0.791699
29,72,4.1,5.89719,5.89719,4.18826,4.1616,4.18843,-0.191351,-0.133951,-0.191724
29,96,3.1,4.02839,4.02839,2.91821,2.89114,2.9046,0.45834,0.528418,0.493517
29,120,2.2,2.7518,2.7518,2.03329,2.00853,2.01428,0.474124,0.5465,0.529632
30,24,9.9,8.67301,8.67301,9.21062,9.16726,9.33707,0.961876,1.02554,0.778453
30,36,7.5,7.16825,7.16825,7.625,7.60255,7.72035,-0.19653,-0.161517,-0.343815
30,48,6.5,5.92456,5.92456,6.31235,6.30491,6.38356,0.329629,0.342922,0.203239
30,72,4.1,4.04709,4.04709,4.32607,4.33629,4.36431,-0.482799,-0.504081,-0.56214
30,96,2.9,2.76458,2.76458,2.9648,2.98235,2.98379,-0.162406,-0.205928,-0.209492
30,120,2.3,1.88849,1.88849,2.03188,2.05115,2.03996,0.762699,0.705898,0.738857
31,24,9.5,10.325,10.325,9.28287,9.26508,9.39319,0.301409,0.326511,0.147122
31,36,7.8,8.53363,8.53363,7.79548,7.77896,7.88646,0.00701068,0.0326814,-0.133156
31,48,6.4,7.05305,7.05305,6.54641,6.53121,6.62143,-0.251921,-0.226058,-0.378508
31,72,4.5,4.81796,4.81796,4.61662,4.60402,4.66756,-0.241444,-0.215643,-0.345051
31,96,3.4,3.29117,3.29117,3.25571,3.2455,3.29025,0.348704,0.373844,0.264114
31,120,2.5,2.24821,2.24821,2.29597,2.28784,2.31935,0.559017,0.581958,0.493345
32,24,8.9,7.68181,7.68181,8.77729,8.70523,8.88185,0.176646,0.281864,0.0259326
32,36,7.7,6.34902,6.34902,7.49449,7.43038,7.5664,0.326508,0.430593,0.211031
32,48,6.9,5.24747,5.24747,6.39918,6.34223,6.44578,0.872983,0.977171,0.788483
32,72,4.4,3.58456,3.58456,4.66538,4.62066,4.67787,-0.54662,-0.456637,-0.571585
32,96,3.5,2.44863,2.44863,3.40135,3.3664,3.39485,0.234216,0.31853,0.249841
32,120,2.5,1.67267,1.67267,2.47979,2.4526,2.46373,0.0539968,0.127085,0.0971117
