rep,id,ka,V,k,k12,k21,km,Kpm
1,1,0.204123,11.4115,0.100571,0.0454054,0.0588964,0.02725,0.104885
2,1,0.17537,10.5541,0.113712,0.0385949,0.0599189,0.0272632,0.100836
3,1,0.188065,11.5221,0.101059,0.040548,0.0479562,0.0297674,0.103423
4,1,0.187075,11.336,0.104082,0.0395177,0.0507633,0.0281924,0.101606
5,1,0.18869,11.9351,0.0926838,0.0458007,0.0534555,0.0279254,0.0999565
6,1,0.191301,11.5277,0.0990375,0.0388822,0.0502446,0.0270174,0.101577
7,1,0.190751,12.3128,0.0948153,0.0382731,0.0542657,0.0291824,0.103312
1,2,0.165981,10.1168,0.0886748,0.0366547,0.0499228,0.026344,0.102168
2,2,0.182434,10.3014,0.0893344,0.0455258,0.053337,0.0254457,0.100884
3,2,0.176431,10.3152,0.0901673,0.0366995,0.0586849,0.0259914,0.103599
4,2,0.175944,9.6707,0.0972893,0.0419111,0.0519148,0.026797,0.101826
5,2,0.171433,9.80398,0.102843,0.0412639,0.0447155,0.0249048,0.0974413
6,2,0.186488,10.2272,0.0903458,0.0389752,0.0502967,0.0257976,0.0993178
7,2,0.182007,10.0238,0.100022,0.0478167,0.0571848,0.0253518,0.101413
1,3,0.192225,12.3953,0.106361,0.0389075,0.0570442,0.0286281,0.102681
2,3,0.183779,12.132,0.11178,0.0421382,0.0639282,0.0262156,0.102333
3,3,0.191213,12.6333,0.094319,0.0401398,0.0453887,0.0290235,0.104151
4,3,0.184332,11.6781,0.112558,0.0438565,0.0613222,0.0271996,0.0979959
5,3,0.196531,12.3884,0.1023,0.0456691,0.0621151,0.0297318,0.10494
6,3,0.206967,12.6482,0.0972773,0.0450403,0.0552086,0.0300208,0.102424
7,3,0.203121,12.7935,0.0959527,0.0402633,0.054446,0.0293518,0.0977838
1,4,0.239397,10.7268,0.107109,0.0393265,0.0495434,0.0283209,0.0986238
2,4,0.23379,10.9288,0.0927349,0.0393825,0.0486025,0.0318374,0.102991
3,4,0.223178,10.7376,0.101832,0.0345392,0.0505616,0.0292007,0.096349
4,4,0.21629,10.4043,0.108836,0.0393343,0.0500014,0.0304937,0.100658
5,4,0.221509,10.6386,0.102358,0.0421151,0.049579,0.0299223,0.101995
6,4,0.243918,10.3956,0.10509,0.0373905,0.046251,0.0296623,0.101056
7,4,0.222925,10.9761,0.0947691,0.0355655,0.0450767,0.0305561,0.102222
1,5,0.178298,12.3567,0.107494,0.0346531,0.0568372,0.0284846,0.101773
2,5,0.179681,12.05,0.103855,0.0398646,0.0478177,0.0319095,0.104352
3,5,0.19747,13.1549,0.0976908,0.0351375,0.0627012,0.0285148,0.102637
4,5,0.172594,12.0556,0.116141,0.0373137,0.0478425,0.0283661,0.102196
5,5,0.19973,13.2032,0.102456,0.0359009,0.0659647,0.0272346,0.0990855
6,5,0.190729,13.3586,0.0978934,0.0356335,0.0649247,0.0287939,0.101255
7,5,0.183167,11.5519,0.109842,0.0431209,0.0683654,0.0288521,0.101742
1,6,0.190608,11.3225,0.0981047,0.0434119,0.0599961,0.0276271,0.100247
2,6,0.191866,11.0412,0.102426,0.0401063,0.0577706,0.0276256,0.0989745
3,6,0.179308,11.105,0.0973552,0.0438369,0.0580248,0.0285433,0.102358
4,6,0.169114,11.422,0.0995891,0.037196,0.0431299,0.0272822,0.0994249
5,6,0.18096,10.9067,0.104152,0.0399381,0.0483937,0.029538,0.0974555
6,6,0.191691,11.2807,0.101746,0.0380308,0.0496315,0.0272619,0.0999484
7,6,0.182405,11.7452,0.0954567,0.0410791,0.0545111,0.0267504,0.100587
1,7,0.175112,12.8976,0.101819,0.0424234,0.0465555,0.0353053,0.100648
2,7,0.157446,12.1064,0.109504,0.0393808,0.0508579,0.0328865,0.103003
3,7,0.159106,12.4581,0.108049,0.0383723,0.048855,0.0346939,0.0993115
4,7,0.148795,12.5676,0.0964781,0.0379069,0.0563709,0.0336111,0.100416
5,7,0.175284,12.5601,0.105906,0.0397194,0.0473129,0.0346536,0.10137
6,7,0.17699,13.1908,0.0968325,0.0448345,0.0481682,0.0339135,0.100578
7,7,0.179985,12.9126,0.0984863,0.0417075,0.0578003,0.0327696,0.0979676
1,8,0.198761,10.8356,0.0916948,0.0387846,0.0431686,0.0283008,0.0987459
2,8,0.220373,10.9533,0.0948348,0.050229,0.059641,0.0277652,0.101541
3,8,0.201179,10.4795,0.0960596,0.0431235,0.0422391,0.0298747,0.101004
4,8,0.21057,10.5013,0.0953094,0.0450235,0.0480035,0.029907,0.0993827
5,8,0.17753,9.72026,0.102941,0.0495213,0.0481773,0.0317135,0.102
6,8,0.219415,11.1575,0.0867844,0.0407368,0.042412,0.0305857,0.098191
7,8,0.201096,11.2073,0.0943412,0.0425631,0.04562,0.0284607,0.103128
1,9,0.226926,11.7965,0.100938,0.045361,0.0443017,0.0300905,0.100757
2,9,0.242664,11.5028,0.0892304,0.0462248,0.0523197,0.0299883,0.101892
3,9,0.226085,10.441,0.113631,0.048566,0.0519681,0.030125,0.0993097
4,9,0.215036,11.2388,0.104564,0.0436098,0.0416145,0.0307336,0.100721
5,9,0.212046,11.1935,0.102073,0.0398904,0.0513472,0.0277094,0.102444
6,9,0.234767,11.344,0.0996956,0.051002,0.0573319,0.0315945,0.102163
7,9,0.214639,11.3032,0.0975869,0.0399482,0.0449288,0.0303651,0.102138
1,10,0.167957,12.7009,0.100293,0.0503862,0.0497553,0.0353248,0.095903
2,10,0.172086,13.8106,0.088966,0.0461023,0.0541251,0.03645,0.103589
3,10,0.159843,11.5439,0.11683,0.0510183,0.0526438,0.0372008,0.101664
4,10,0.157184,11.9913,0.110192,0.0486476,0.0460687,0.0372496,0.100929
5,10,0.171309,12.8655,0.0966716,0.0400562,0.049272,0.0345355,0.102259
6,10,0.16353,12.9812,0.0931395,0.0470241,0.0468916,0.0361703,0.0972231
7,10,0.163699,13.1873,0.0915138,0.0392965,0.0470165,0.0360695,0.0992254
1,11,0.176018,10.5923,0.100309,0.0477859,0.0481132,0.0293802,0.101033
2,11,0.183808,10.4722,0.103765,0.0415476,0.0522496,0.0270533,0.0986136
3,11,0.17764,11.1308,0.0937451,0.0418978,0.0507361,0.0284388,0.103103
4,11,0.187036,10.8838,0.0966339,0.0413643,0.0504237,0.0288068,0.102727
5,11,0.174578,11.0917,0.0983228,0.0381343,0.0553305,0.0278265,0.101058
6,11,0.208934,10.459,0.103665,0.0491628,0.0557385,0.0292456,0.100476
7,11,0.180927,10.5815,0.101038,0.0418466,0.0427102,0.0286301,0.103175
1,12,0.221782,12.1884,0.0980396,0.0419449,0.0464901,0.0332862,0.0973868
2,12,0.237885,11.2979,0.110472,0.0411628,0.0482946,0.0319786,0.0991046
3,12,0.243055,11.8463,0.100405,0.0363132,0.0545764,0.0321503,0.100029
4,12,0.215843,10.9367,0.114592,0.0376417,0.0491805,0.031237,0.0995395
5,12,0.199435,10.8036,0.112827,0.0379698,0.0533155,0.033749,0.0999743
6,12,0.26069,12.4938,0.096844,0.0372803,0.0493027,0.030229,0.0997276
7,12,0.222773,11.9031,0.112081,0.0379846,0.0522954,0.0297611,0.100867
1,13,0.182875,11.6326,0.10741,0.0405177,0.0577368,0.0276997,0.102985
2,13,0.179768,11.3562,0.103813,0.0380733,0.0469614,0.0288681,0.101671
3,13,0.193707,12.1345,0.0960672,0.047878,0.0569149,0.0271169,0.0996955
4,13,0.18742,11.5822,0.0945865,0.0380902,0.0526335,0.0285756,0.0988621
5,13,0.188219,11.8146,0.105828,0.0369523,0.0479604,0.0279567,0.100483
6,13,0.190333,11.4973,0.101203,0.0442694,0.0551658,0.0283456,0.104125
7,13,0.200064,12.0476,0.0977225,0.0405218,0.0445314,0.0279112,0.102049
1,14,0.215939,12.3585,0.0963997,0.0405738,0.0491586,0.0287195,0.10178
2,14,0.203647,11.5318,0.117673,0.0359386,0.0575918,0.0284252,0.103087
3,14,0.228583,12.0459,0.105763,0.0438772,0.0547857,0.0278441,0.105908
4,14,0.241109,12.7747,0.0986357,0.0396917,0.0493156,0.0282659,0.100354
5,14,0.25022,13.9323,0.0866762,0.0408808,0.0558155,0.0263349,0.100161
6,14,0.228841,12.2297,0.0955217,0.039405,0.0568087,0.0297868,0.101486
7,14,0.217318,11.3532,0.113931,0.0382,0.056989,0.0266732,0.0999009
1,15,0.185659,13.5693,0.117711,0.0389769,0.0563514,0.0311358,0.10238
2,15,0.191514,13.9069,0.109377,0.0478528,0.0532581,0.0316817,0.0979269
3,15,0.22129,14.6066,0.0987486,0.0473368,0.0545547,0.0317187,0.101514
4,15,0.18362,14.796,0.0947804,0.0436944,0.043215,0.0310972,0.101873
5,15,0.191226,13.4309,0.105459,0.0382857,0.054171,0.0323745,0.105146
6,15,0.211686,14.3881,0.0985965,0.0472187,0.0580928,0.0320537,0.101706
7,15,0.171777,12.8913,0.123159,0.0433292,0.0597224,0.0325469,0.101299
1,16,0.220549,10.8333,0.105132,0.0374728,0.0463634,0.0285368,0.0972989
2,16,0.221143,11.4828,0.0993491,0.0441567,0.0555212,0.0269032,0.102808
3,16,0.21554,11.3201,0.110701,0.0400137,0.0519713,0.0272101,0.103617
4,16,0.246895,11.5066,0.10212,0.0446857,0.0592274,0.0278136,0.101954
5,16,0.230339,11.3931,0.103333,0.0459915,0.0572042,0.0267295,0.100277
6,16,0.217184,11.2862,0.0955097,0.0411929,0.0563342,0.0288498,0.0996776
7,16,0.197471,10.4807,0.115202,0.0373208,0.0486347,0.0284563,0.102706
1,17,0.220374,10.9036,0.101366,0.0376795,0.0500523,0.0290713,0.102874
2,17,0.246599,10.748,0.105372,0.0368147,0.0560548,0.0285383,0.0997561
3,17,0.216986,11.3941,0.0973435,0.0327621,0.0488703,0.0285401,0.100787
4,17,0.230849,10.7789,0.103496,0.0428603,0.0538165,0.0296126,0.105888
5,17,0.23978,10.8124,0.0957429,0.0435581,0.0543379,0.0310126,0.101317
6,17,0.225182,11.0477,0.113415,0.0414511,0.0492361,0.0255743,0.100781
7,17,0.246863,11.1392,0.101016,0.0373883,0.0533804,0.0282291,0.103514
1,18,0.190254,10.8448,0.107382,0.0383637,0.0511611,0.0305636,0.101612
2,18,0.194166,11.6734,0.106178,0.0380685,0.0614171,0.0283208,0.0973328
3,18,0.197091,11.333,0.111129,0.0392264,0.0617914,0.0293027,0.103504
4,18,0.189545,11.7251,0.103601,0.036149,0.0497369,0.0302756,0.10206
5,18,0.2076,11.7974,0.101366,0.0363279,0.0573118,0.0279755,0.0984736
6,18,0.216915,12.0191,0.0990169,0.0433786,0.0683483,0.0287158,0.0979037
7,18,0.183945,11.0847,0.106077,0.0392403,0.0678461,0.0275201,0.0988879
1,19,0.195441,13.4141,0.102399,0.046752,0.0550573,0.031087,0.0982999
2,19,0.180601,13.5404,0.10301,0.0439567,0.0557987,0.0312041,0.102393
3,19,0.172336,13.2004,0.108542,0.0400339,0.0506435,0.0306256,0.0966999
4,19,0.187435,13.5779,0.0982712,0.0454913,0.0512218,0.0311749,0.102916
5,19,0.184039,14.0601,0.0912311,0.0406832,0.0514507,0.031515,0.102602
6,19,0.184675,13.8397,0.105785,0.0440076,0.0554796,0.0312176,0.10154
7,19,0.184063,14.7323,0.0858026,0.0381446,0.055199,0.0307472,0.102824
1,20,0.192923,12.3589,0.111554,0.0433866,0.0652674,0.0288585,0.103109
2,20,0.211749,13.3031,0.105444,0.0405778,0.0494012,0.0299932,0.102257
3,20,0.202332,13.0428,0.102382,0.0365269,0.0611958,0.0309041,0.101956
4,20,0.200267,12.2499,0.123178,0.0410969,0.0599588,0.0306511,0.0994429
5,20,0.190937,12.4172,0.108464,0.0400827,0.0446427,0.0318556,0.106119
6,20,0.216061,13.7877,0.0997613,0.0390955,0.0523055,0.0301506,0.0972451
7,20,0.211711,14.4359,0.0975432,0.0398092,0.0547426,0.0275499,0.105111
1,21,0.188602,14.1532,0.106557,0.0395006,0.0525138,0.0350975,0.0988851
2,21,0.189147,12.9853,0.117371,0.0398583,0.0552136,0.037318,0.0967042
3,21,0.209317,14.0824,0.111804,0.0430105,0.0575002,0.0335208,0.0953684
4,21,0.222069,14.5626,0.100885,0.0335101,0.0473065,0.0315851,0.0981375
5,21,0.202107,13.9715,0.107807,0.0406035,0.0585065,0.0340245,0.0993218
6,21,0.193225,13.1899,0.118365,0.0334661,0.0514831,0.03504,0.102678
7,21,0.182779,13.3021,0.114661,0.0409115,0.0551548,0.0341898,0.106066
1,22,0.201677,12.8884,0.10913,0.0448087,0.0425261,0.0325632,0.102758
2,22,0.217228,12.1807,0.105682,0.0477632,0.0478439,0.0347292,0.100091
3,22,0.223676,12.6208,0.103409,0.0418588,0.0381194,0.0367389,0.103986
4,22,0.215748,13.2401,0.102232,0.0382567,0.0436952,0.0335307,0.102168
5,22,0.22172,12.7083,0.105253,0.0468116,0.0535988,0.0346722,0.105485
6,22,0.226705,12.9786,0.0972222,0.0471381,0.044096,0.0322872,0.102536
7,22,0.221778,12.5193,0.106235,0.0452355,0.045891,0.0330895,0.10292
1,23,0.20641,11.4757,0.101696,0.0373838,0.0467139,0.0312921,0.100958
2,23,0.232195,12.1982,0.104747,0.0531162,0.069427,0.0281349,0.101895
3,23,0.205517,12.2581,0.105707,0.0429774,0.0537525,0.0293201,0.100866
4,23,0.210415,11.9737,0.101761,0.0471509,0.050041,0.0302759,0.101686
5,23,0.219151,11.766,0.11233,0.0520272,0.0572797,0.030307,0.102281
6,23,0.206986,11.6952,0.104292,0.0396936,0.0485956,0.0295165,0.1
7,23,0.213595,11.73,0.114073,0.0463593,0.0455886,0.0294957,0.102386
1,24,0.195778,10.742,0.105833,0.0436956,0.052404,0.02974,0.102704
2,24,0.200483,10.4592,0.0977401,0.0449597,0.0673481,0.0299504,0.101528
3,24,0.172507,9.41759,0.113753,0.0397248,0.0487276,0.0290883,0.104489
4,24,0.194908,10.3858,0.0981586,0.0383112,0.0485085,0.0299435,0.0996069
5,24,0.18831,11.0284,0.101757,0.0377782,0.0563778,0.0298125,0.0980208
6,24,0.182011,10.3833,0.100582,0.0366413,0.0436964,0.0319295,0.101428
7,24,0.199553,10.8129,0.0980389,0.0363804,0.0483786,0.0288496,0.100429
1,25,0.179631,12.0174,0.0922846,0.0402028,0.0597498,0.0264553,0.0985497
2,25,0.176347,11.0824,0.0942278,0.0419873,0.0491015,0.0257707,0.101344
3,25,0.197649,10.7618,0.0906943,0.0415498,0.0635791,0.0303753,0.0989019
4,25,0.187285,11.1539,0.0945747,0.0414901,0.0564909,0.0282816,0.0975308
5,25,0.176193,10.9466,0.0894965,0.0426123,0.0596258,0.0275943,0.103612
6,25,0.172869,10.1384,0.0986275,0.0372581,0.0540975,0.027265,0.0994362
7,25,0.176163,10.7371,0.0907138,0.0359696,0.0499381,0.029079,0.103445
1,26,0.169561,13.7453,0.0955973,0.0417768,0.0518424,0.0248616,0.102498
2,26,0.168866,12.9405,0.099084,0.041837,0.0445573,0.024336,0.101983
3,26,0.200373,14.1092,0.0970447,0.0456147,0.0522122,0.0246202,0.104334
4,26,0.173363,13.4058,0.0981588,0.0500623,0.0567221,0.0226582,0.103299
5,26,0.18359,12.8861,0.102992,0.0384651,0.0419626,0.0245562,0.09995
6,26,0.178666,13.5064,0.0996276,0.0384967,0.046266,0.0241709,0.105577
7,26,0.17672,13.0153,0.1145,0.0473997,0.0467832,0.0252382,0.101919
1,27,0.207916,12.8695,0.0903343,0.0462954,0.0444036,0.0228236,0.103355
2,27,0.186049,12.5991,0.0976617,0.0423257,0.050077,0.0218959,0.10018
3,27,0.225406,13.0702,0.0980414,0.0492679,0.0428089,0.0219855,0.101636
4,27,0.199091,12.7173,0.0951721,0.0420388,0.0434716,0.0242343,0.101115
5,27,0.203847,13.2233,0.102465,0.0412465,0.0520831,0.022109,0.103118
6,27,0.198013,12.5532,0.0992623,0.0448441,0.046922,0.0246487,0.103901
7,27,0.195713,12.3947,0.106938,0.0423618,0.0400556,0.02261,0.102935
1,28,0.209304,12.1811,0.106335,0.0482868,0.0533445,0.0271824,0.100338
2,28,0.19404,11.4565,0.106505,0.0367573,0.0588371,0.0276402,0.100076
3,28,0.204895,11.3221,0.101684,0.0449986,0.0606457,0.0292314,0.100845
4,28,0.201955,11.251,0.103647,0.0490545,0.0521021,0.0296293,0.0997115
5,28,0.209291,12.7038,0.0928839,0.0356974,0.0466033,0.0292735,0.101506
6,28,0.198519,12.2373,0.0973974,0.0432626,0.048537,0.030374,0.102477
7,28,0.228271,11.9417,0.0986166,0.0371623,0.0486843,0.0266719,0.102222
1,29,0.191454,12.341,0.0894903,0.0477111,0.0519819,0.0365282,0.0990135
2,29,0.188805,12.339,0.0879614,0.0451024,0.0453774,0.0340175,0.103565
3,29,0.181703,11.5671,0.0978839,0.0471068,0.046282,0.0345367,0.102538
4,29,0.195914,12.1213,0.0938262,0.0489541,0.0466874,0.0339515,0.0989336
5,29,0.179091,11.5914,0.101739,0.0524023,0.0438753,0.0344078,0.0995889
6,29,0.180245,12.3971,0.0812091,0.0448212,0.0453801,0.0384404,0.101695
7,29,0.17856,11.6667,0.10326,0.0454738,0.0461697,0.036012,0.0978139
1,30,0.175042,11.3308,0.0951633,0.0421959,0.0497221,0.0309169,0.0980386
2,30,0.182606,11.4581,0.0916142,0.0492807,0.0623499,0.0307134,0.101439
3,30,0.177056,11.0694,0.0940998,0.0412791,0.0547592,0.0329742,0.10041
4,30,0.178701,11.552,0.0952066,0.0387929,0.059701,0.030528,0.0956188
5,30,0.167033,11.5472,0.0963908,0.0459027,0.0605372,0.0320293,0.101174
6,30,0.182048,11.6676,0.0933452,0.0456316,0.0538597,0.0315885,0.0969412
7,30,0.169772,10.9543,0.095885,0.0422393,0.0564205,0.0317583,0.0993036
1,31,0.262222,11.594,0.0924085,0.0363946,0.0468345,0.0281918,0.102011
2,31,0.23976,11.1686,0.0997647,0.0396683,0.0488461,0.0270563,0.106487
3,31,0.233274,10.9349,0.0993943,0.0444848,0.0557505,0.0290679,0.103262
4,31,0.235259,10.8428,0.0922066,0.0377812,0.0525636,0.0283445,0.100625
5,31,0.258937,10.5303,0.101188,0.0344506,0.04468,0.0280977,0.098852
6,31,0.240322,11.1338,0.0941488,0.0363125,0.0535361,0.028546,0.104786
7,31,0.227109,10.2909,0.105451,0.0395165,0.0424027,0.0297536,0.101995
1,32,0.21492,12.8486,0.0954427,0.0448425,0.0507736,0.0287099,0.100097
2,32,0.204955,12.4662,0.111182,0.0424538,0.0438765,0.0278181,0.101532
3,32,0.228388,11.91,0.104226,0.0411234,0.0496303,0.0300843,0.10118
4,32,0.224281,11.3573,0.118647,0.0431943,0.0516821,0.0296057,0.099485
5,32,0.222077,13.3213,0.0940863,0.0442072,0.056478,0.0272811,0.0997044
6,32,0.192706,11.5011,0.11698,0.0502563,0.0560329,0.0291276,0.100552
7,32,0.21624,12.3964,0.105972,0.043242,0.0460184,0.0294918,0.101513
1,33,0.221081,13.9261,0.0995457,0.0423988,0.0490243,0.0274754,0.100356
2,33,0.225174,13.6875,0.109773,0.0468205,0.0523417,0.0277924,0.100599
3,33,0.219153,13.3621,0.114268,0.0445539,0.0468621,0.0279539,0.100349
4,33,0.226081,14.3058,0.103844,0.0462335,0.0672466,0.0254342,0.101048
5,33,0.227068,14.2373,0.112181,0.0473534,0.0568066,0.0288092,0.104387
6,33,0.229762,13.4944,0.110211,0.0486417,0.0551866,0.0284775,0.104464
7,33,0.239123,14.6306,0.0987314,0.0467517,0.0506427,0.026538,0.101608
1,34,0.193077,10.9982,0.105464,0.0446631,0.0340122,0.0247923,0.102019
2,34,0.193181,10.6716,0.104922,0.036035,0.0517013,0.0260564,0.10051
3,34,0.199787,12.2044,0.097455,0.038998,0.0420031,0.0245874,0.102545
4,34,0.211323,11.4053,0.0956587,0.0422178,0.0492455,0.0242756,0.0998633
5,34,0.228123,11.2799,0.10104,0.0421963,0.0429927,0.0240209,0.101171
6,34,0.223844,10.7112,0.105847,0.0444814,0.0446035,0.0248366,0.100307
7,34,0.218046,11.6837,0.0918016,0.041368,0.0516765,0.0241112,0.100238
1,35,0.190346,14.6525,0.0948784,0.046551,0.051395,0.0304128,0.103331
2,35,0.194524,12.8862,0.0986409,0.0433485,0.0522377,0.0308271,0.101795
3,35,0.171221,12.5686,0.108621,0.038134,0.0428478,0.0317352,0.10345
4,35,0.195406,13.604,0.107311,0.043097,0.0519861,0.0295292,0.0997909
5,35,0.189665,12.9705,0.11267,0.0470006,0.0481905,0.029031,0.0995092
6,35,0.184477,13.3537,0.108885,0.0467057,0.0447624,0.0318504,0.0980859
7,35,0.215763,14.5613,0.09419,0.0379159,0.0492669,0.031224,0.100658
1,36,0.163938,12.5671,0.102544,0.0375473,0.0504399,0.0283863,0.0989579
2,36,0.157097,13.4952,0.102451,0.0439543,0.0513453,0.0296527,0.102144
3,36,0.168707,13.0413,0.10485,0.0409927,0.0586467,0.0289432,0.100062
4,36,0.160688,13.4204,0.102087,0.038107,0.0541099,0.0280951,0.0985642
5,36,0.178323,13.6161,0.0976902,0.0455481,0.0484909,0.0290873,0.0997158
6,36,0.16636,13.6819,0.0995628,0.0471995,0.0480603,0.0264684,0.099302
7,36,0.158127,12.8448,0.107072,0.0418253,0.0485964,0.030007,0.100266
1,37,0.195723,10.1295,0.102256,0.0393841,0.0537847,0.0343425,0.0996805
2,37,0.224644,11.0822,0.101553,0.0407733,0.0531389,0.0322627,0.0978513
3,37,0.204974,10.8929,0.0926073,0.0443721,0.0542959,0.03323,0.0994003
4,37,0.219198,10.6221,0.0982549,0.0405479,0.0526435,0.0332825,0.100729
5,37,0.203215,10.0505,0.10677,0.0446997,0.0519587,0.0314965,0.0999522
6,37,0.218685,11.3213,0.101741,0.042008,0.0575653,0.0316595,0.102972
7,37,0.20964,11.0654,0.0984075,0.0365047,0.0528377,0.0298277,0.104394
1,38,0.188966,12.6733,0.098641,0.039203,0.0445977,0.0320921,0.100694
2,38,0.199248,13.3139,0.112368,0.0434113,0.0508378,0.0314574,0.102368
3,38,0.199687,13.7489,0.100918,0.0403876,0.0439133,0.031385,0.094506
4,38,0.186381,12.5331,0.125216,0.0452091,0.0606199,0.031135,0.102579
5,38,0.180885,12.4431,0.111991,0.03843,0.0513377,0.0309533,0.100521
6,38,0.195816,12.3979,0.111328,0.0368611,0.0487602,0.0315041,0.10163
7,38,0.181864,13.046,0.101799,0.0398286,0.0491152,0.0303904,0.09957
1,39,0.229087,11.9692,0.118388,0.0400129,0.0511368,0.030394,0.100402
2,39,0.256622,12.1929,0.0985571,0.0423635,0.0507623,0.0304056,0.101258
3,39,0.222778,11.5724,0.114372,0.0396339,0.0484999,0.02842,0.0989972
4,39,0.247637,12.0604,0.104107,0.0365275,0.0474751,0.0315335,0.103075
5,39,0.232674,12.2618,0.107738,0.0432519,0.0466651,0.0311381,0.0998125
6,39,0.254334,12.3167,0.104937,0.0382023,0.0544284,0.0284277,0.0982073
7,39,0.249438,12.3997,0.101573,0.0464068,0.0456262,0.0303407,0.103628
1,40,0.193174,12.7565,0.100611,0.0468125,0.0482604,0.0293792,0.102705
2,40,0.191746,12.9092,0.0934558,0.0465489,0.0417702,0.0310227,0.103444
3,40,0.224881,14.2156,0.0923263,0.0457839,0.0510115,0.0276029,0.101
4,40,0.219752,13.6992,0.0959484,0.0472727,0.0386095,0.0286889,0.0984257
5,40,0.194579,13.2074,0.102933,0.0502255,0.0507957,0.0286155,0.0994113
6,40,0.20966,13.4642,0.0958245,0.0463925,0.0441818,0.0286087,0.0999505
7,40,0.197769,12.3529,0.0975976,0.0478616,0.0456213,0.0299765,0.101736
1,41,0.173553,13.1737,0.0918464,0.0393432,0.0466788,0.0297261,0.100893
2,41,0.177095,11.9828,0.108002,0.0485601,0.0482513,0.0304019,0.102016
3,41,0.179698,12.7857,0.101558,0.0403939,0.043918,0.0291964,0.104621
4,41,0.203433,14.0598,0.0855266,0.0393363,0.0485927,0.0285109,0.0956532
5,41,0.164377,11.5395,0.113325,0.0414975,0.045829,0.0287099,0.0999118
6,41,0.180458,12.6678,0.0987166,0.0447151,0.044646,0.0288465,0.101344
7,41,0.204368,13.3928,0.0920702,0.0407888,0.0539708,0.0292509,0.0995802
1,42,0.187579,13.59,0.0965142,0.0372676,0.0468188,0.028861,0.102872
2,42,0.178625,12.9985,0.107487,0.0357656,0.0438786,0.0299016,0.102818
3,42,0.195845,12.3179,0.111517,0.0423664,0.0392822,0.0296864,0.100517
4,42,0.225491,13.1969,0.103487,0.0425205,0.0487845,0.0286038,0.101959
5,42,0.198595,13.1653,0.117994,0.0388208,0.0424113,0.0292164,0.103616
6,42,0.216504,13.3325,0.102224,0.0434688,0.046368,0.0281226,0.103174
7,42,0.196018,13.82,0.10137,0.0382211,0.052495,0.030886,0.101564
1,43,0.185295,10.6665,0.103373,0.0448018,0.056477,0.0378756,0.100176
2,43,0.181265,11.251,0.0872154,0.0364075,0.0470238,0.0361162,0.102844
3,43,0.18312,10.6117,0.103391,0.0365389,0.0560956,0.0334862,0.0998458
4,43,0.199698,10.3677,0.107562,0.0421971,0.0535357,0.0348565,0.0987713
5,43,0.195665,11.0559,0.0956198,0.0325646,0.05421,0.0341511,0.102306
6,43,0.18627,10.7913,0.0958916,0.042815,0.0586202,0.0361768,0.103285
7,43,0.191439,10.8916,0.0958224,0.0408318,0.0609492,0.037417,0.101746
1,44,0.178633,11.1756,0.0909815,0.0401084,0.0466248,0.0291144,0.0994163
2,44,0.187883,11.2175,0.099964,0.0374065,0.0511518,0.0288653,0.0978114
3,44,0.172998,11.0762,0.10442,0.0475378,0.0437363,0.0276846,0.101919
4,44,0.169876,11.2968,0.0999774,0.0440801,0.0458536,0.0288764,0.100719
5,44,0.164637,11.5581,0.0932935,0.0444646,0.0475711,0.0279316,0.102583
6,44,0.181792,11.125,0.0962255,0.0402057,0.0368492,0.027758,0.10398
7,44,0.175294,10.6177,0.105395,0.0465049,0.0482372,0.0282162,0.100994
1,45,0.224125,11.243,0.0904235,0.0384785,0.0451521,0.0297162,0.103113
2,45,0.208566,10.4418,0.0998025,0.0412233,0.0537358,0.0269266,0.0990628
3,45,0.212373,10.7108,0.100498,0.0436575,0.04172,0.0282375,0.101323
4,45,0.214014,10.6127,0.104423,0.042553,0.0490697,0.0286294,0.0989711
5,45,0.219184,11.1718,0.0926217,0.0401992,0.0452383,0.0277221,0.0965536
6,45,0.210769,10.6657,0.0941246,0.0423537,0.0434477,0.0279585,0.100213
7,45,0.21943,10.9745,0.0972824,0.0433972,0.0524487,0.0282652,0.100342
1,46,0.183083,11.5127,0.0996879,0.0466073,0.0497479,0.024329,0.0964769
2,46,0.178208,11.9998,0.0912047,0.0442506,0.042406,0.0294542,0.101766
3,46,0.185997,11.0164,0.0978162,0.0417647,0.059172,0.0266361,0.102065
4,46,0.165147,10.6445,0.11224,0.0389568,0.0552452,0.0280734,0.102347
5,46,0.177786,11.8384,0.0984627,0.0413581,0.0569444,0.0292267,0.102353
6,46,0.179235,11.0322,0.0888106,0.0366508,0.056535,0.0299903,0.102731
7,46,0.185212,11.5731,0.103269,0.0383004,0.0527342,0.0273289,0.0996564
1,47,0.192036,12.7888,0.115763,0.0398273,0.052199,0.0321236,0.100265
2,47,0.210767,13.7725,0.101567,0.0407669,0.0505243,0.0320488,0.105284
3,47,0.198376,13.9244,0.100997,0.0403015,0.0446,0.0321006,0.0994632
4,47,0.204492,13.8294,0.100001,0.0388271,0.0434992,0.030821,0.101465
5,47,0.190238,13.3782,0.102783,0.0377564,0.0539429,0.030692,0.102889
6,47,0.194916,12.974,0.100165,0.0422998,0.055046,0.0321498,0.102237
7,47,0.187335,12.0743,0.123411,0.0416406,0.0429481,0.0342246,0.101627
1,48,0.146148,12.8403,0.0981726,0.0419347,0.0471367,0.0324104,0.0988722
2,48,0.161217,14.5497,0.0777931,0.0477747,0.0460811,0.032257,0.0991129
3,48,0.151201,13.1172,0.097499,0.0440701,0.0484436,0.0296332,0.100811
4,48,0.138471,12.3623,0.103011,0.0484455,0.0586937,0.0306842,0.103709
5,48,0.138958,12.9588,0.0998573,0.0480906,0.036797,0.0346193,0.098938
6,48,0.160705,13.0654,0.10108,0.0484418,0.0464807,0.03181,0.0950512
7,48,0.147751,13.8323,0.0913204,0.048859,0.0444081,0.0307781,0.099068
1,49,0.211418,10.7955,0.101887,0.044736,0.0508182,0.0370889,0.0980325
2,49,0.198205,11.375,0.108468,0.0398574,0.0538268,0.0368316,0.0961389
3,49,0.195802,11.593,0.0941401,0.0422915,0.0515892,0.0373915,0.0998148
4,49,0.162612,10.7215,0.113049,0.0402978,0.056661,0.0346708,0.0989118
5,49,0.197813,10.961,0.100798,0.0436647,0.0547695,0.0349824,0.102018
6,49,0.191294,11.4014,0.100712,0.0419047,0.0429022,0.0375064,0.100552
7,49,0.200378,12.083,0.0930527,0.046564,0.0580737,0.0345493,0.0994363
1,50,0.175342,11.554,0.109799,0.0398135,0.042433,0.0268025,0.104417
2,50,0.183245,11.2939,0.107362,0.0432005,0.0431056,0.0288377,0.0993051
3,50,0.180852,13.0221,0.0969015,0.0415555,0.0507711,0.0271366,0.101707
4,50,0.19416,12.305,0.100629,0.0422371,0.0377127,0.0281377,0.0990865
5,50,0.193733,11.713,0.0925726,0.0371139,0.0413961,0.0287203,0.10061
6,50,0.183924,11.707,0.107871,0.0454037,0.0404237,0.0288146,0.103863
7,50,0.189426,11.5994,0.118963,0.0431297,0.0429289,0.026685,0.0982327
1,51,0.229872,10.7147,0.0906867,0.0397187,0.0536077,0.0249887,0.101412
2,51,0.201867,9.48615,0.0990936,0.0363486,0.0521201,0.0244223,0.0988387
3,51,0.221204,9.96039,0.0947645,0.0357033,0.0520251,0.0285544,0.101657
4,51,0.188689,9.37482,0.114866,0.0360535,0.0618687,0.0246666,0.0993478
5,51,0.22349,10.0018,0.0958388,0.0375958,0.0553995,0.0255375,0.100233
6,51,0.206443,9.72068,0.105096,0.0396616,0.0551441,0.0260883,0.101572
7,51,0.193075,9.50924,0.108409,0.0427608,0.0608547,0.0256205,0.105506
1,52,0.155436,11.8445,0.101949,0.0419207,0.0547181,0.0324978,0.101428
2,52,0.181965,12.147,0.0928682,0.0423404,0.06092,0.0314723,0.0968464
3,52,0.17023,12.276,0.096805,0.04054,0.0452973,0.0312193,0.0953822
4,52,0.15139,11.5915,0.104814,0.0357215,0.0412473,0.0312834,0.101262
5,52,0.158452,11.1253,0.115224,0.0445147,0.0608113,0.0306363,0.0985517
6,52,0.171147,11.8563,0.104534,0.041421,0.0508056,0.0330469,0.099527
7,52,0.164331,12.0293,0.0989489,0.045105,0.0493318,0.031841,0.0991348
1,53,0.191882,11.6146,0.102414,0.0408516,0.0553548,0.0360378,0.107435
2,53,0.188157,12.289,0.0996941,0.0312886,0.0482227,0.0330888,0.0989589
3,53,0.190142,11.9377,0.107408,0.0428268,0.0612141,0.0317384,0.102024
4,53,0.182472,11.216,0.114739,0.0408122,0.0530776,0.0349246,0.0996197
5,53,0.184097,12.5915,0.0964871,0.0405118,0.0504574,0.0374945,0.0989176
6,53,0.188635,12.216,0.10121,0.0442522,0.0582132,0.034712,0.0993762
7,53,0.206297,11.9984,0.108438,0.0397452,0.0487316,0.0351842,0.100456
1,54,0.193348,11.1702,0.0974294,0.0395808,0.0534217,0.0337904,0.0963463
2,54,0.190196,10.6943,0.0989444,0.048068,0.0568852,0.0333624,0.104073
3,54,0.175407,10.3142,0.104694,0.039964,0.0508912,0.0345304,0.101296
4,54,0.194074,11.4473,0.0960409,0.0368999,0.0480511,0.0338771,0.0974972
5,54,0.191959,11.5875,0.0905797,0.0400664,0.0540281,0.0343261,0.0997711
6,54,0.173161,10.7538,0.102749,0.0414554,0.0626755,0.0303603,0.100184
7,54,0.18344,10.5997,0.100026,0.0438416,0.0540694,0.03519,0.102783
1,55,0.194752,14.5996,0.114575,0.0424456,0.0600606,0.0334814,0.101273
2,55,0.200121,13.7366,0.107961,0.0443502,0.0429811,0.0357062,0.102749
3,55,0.193469,14.3133,0.116997,0.041353,0.045192,0.0355344,0.100081
4,55,0.187107,14.2996,0.110146,0.035534,0.048067,0.0330912,0.102994
5,55,0.215059,15.6727,0.0891572,0.0395899,0.0384698,0.0346141,0.0984181
6,55,0.204368,14.5631,0.115358,0.0397246,0.0467111,0.0332426,0.101794
7,55,0.224455,14.005,0.0977994,0.0389573,0.0531869,0.0325067,0.0992649
1,56,0.203888,10.1191,0.110703,0.0457385,0.0601949,0.0348071,0.101749
2,56,0.243551,10.687,0.0972719,0.0416361,0.0537753,0.0329165,0.0972972
3,56,0.193947,10.5342,0.0968886,0.0381882,0.0501497,0.0347357,0.103048
4,56,0.2082,10.1768,0.0967944,0.0375566,0.0526072,0.032471,0.0988518
5,56,0.195422,10.6818,0.0967679,0.0357172,0.0533316,0.0347482,0.102914
6,56,0.190561,9.75574,0.108178,0.0436207,0.0570559,0.0332254,0.0979211
7,56,0.18892,10.0551,0.106788,0.0416859,0.041252,0.0344477,0.0989806
1,57,0.187598,9.79275,0.11462,0.0427703,0.0365308,0.0260439,0.0994931
2,57,0.217052,10.7675,0.091131,0.0438774,0.0469856,0.0288883,0.10322
3,57,0.202948,10.1283,0.101911,0.0363731,0.0415261,0.0271063,0.101882
4,57,0.228183,10.8964,0.0863167,0.0418023,0.0503973,0.0266651,0.100302
5,57,0.208816,10.8709,0.0940721,0.0440395,0.0431475,0.0275056,0.0982404
6,57,0.239185,11.4057,0.0798761,0.0398285,0.0461215,0.0266562,0.100221
7,57,0.218561,10.9512,0.0917616,0.0433582,0.0444285,0.0264864,0.10136
1,58,0.214169,9.84742,0.107904,0.0426337,0.0533657,0.0304242,0.100498
2,58,0.216077,10.1838,0.104749,0.0504387,0.0508517,0.0297937,0.0978204
3,58,0.204989,10.865,0.095799,0.0420022,0.0612461,0.0311361,0.10057
4,58,0.204195,10.4089,0.0975962,0.0390025,0.0437304,0.0326582,0.101065
5,58,0.206159,10.5128,0.111916,0.0392087,0.0487813,0.0300584,0.0982075
6,58,0.201775,11.2206,0.0986331,0.0410364,0.0584799,0.0289967,0.096331
7,58,0.204227,10.8795,0.0978291,0.0414416,0.0447417,0.0302135,0.100708
1,59,0.233907,11.5421,0.0918106,0.0378172,0.0507714,0.0345419,0.101003
2,59,0.210141,10.9301,0.103525,0.0463039,0.0588904,0.0334171,0.100578
3,59,0.202097,11.2806,0.110348,0.0389998,0.0497385,0.0317006,0.100676
4,59,0.206685,11.2586,0.108533,0.0421264,0.0468625,0.0313281,0.101197
5,59,0.220611,11.7689,0.0931112,0.0369854,0.0567126,0.0325985,0.103672
6,59,0.195765,10.9034,0.104257,0.0385995,0.0516493,0.0314162,0.103474
7,59,0.193719,11.0009,0.106505,0.0360808,0.0485878,0.0335273,0.10182
1,60,0.228785,10.0333,0.100176,0.0449017,0.0436723,0.0329893,0.103248
2,60,0.203122,9.94596,0.103121,0.0442477,0.0444708,0.0307491,0.103306
3,60,0.236299,10.7932,0.0904671,0.0405808,0.0559319,0.0304711,0.102073
4,60,0.198405,9.69652,0.109299,0.0451059,0.0531848,0.0301863,0.104561
5,60,0.207997,9.90349,0.102329,0.0400717,0.0461275,0.0317333,0.099336
6,60,0.235793,10.2909,0.093124,0.0436157,0.0572483,0.0314926,0.101032
7,60,0.237756,10.134,0.102848,0.0441905,0.0474477,0.030496,0.10206
1,61,0.219109,12.0688,0.0979573,0.0463763,0.0576321,0.0295467,0.102071
2,61,0.209186,11.6235,0.0991054,0.0420952,0.0429644,0.0319466,0.100837
3,61,0.194321,10.8008,0.106496,0.0439363,0.0498123,0.0296532,0.108052
4,61,0.229062,11.1588,0.106055,0.0482439,0.0513463,0.0288924,0.0986576
5,61,0.185473,10.4717,0.11169,0.0404649,0.046607,0.0310082,0.100168
6,61,0.205678,11.4355,0.105438,0.0370293,0.0510759,0.031244,0.0985069
7,61,0.191327,11.0068,0.111964,0.0401371,0.0506001,0.0300352,0.10171
1,62,0.190471,13.5215,0.101926,0.0413204,0.0529289,0.0313307,0.104517
2,62,0.20404,14.072,0.099319,0.0425233,0.0530417,0.032497,0.102305
3,62,0.189208,12.5915,0.118286,0.0495488,0.0488628,0.0320128,0.102764
4,62,0.180137,12.5986,0.101896,0.0356324,0.0482995,0.0320049,0.0988428
5,62,0.193554,13.3594,0.10951,0.0407685,0.0523139,0.0283618,0.100131
6,62,0.192361,13.2237,0.100654,0.041653,0.046687,0.0336783,0.101105
7,62,0.194912,14.0151,0.0943824,0.0404218,0.0463117,0.0327508,0.101201
1,63,0.203008,12.5082,0.0971011,0.0391023,0.0478186,0.0358871,0.0967871
2,63,0.202612,11.5762,0.0953925,0.0449646,0.050418,0.0366421,0.102918
3,63,0.175961,11.1162,0.105766,0.0360672,0.0483155,0.0348383,0.0968111
4,63,0.221342,12.1153,0.0891254,0.0438148,0.0499783,0.0362587,0.0957385
5,63,0.190169,12.8626,0.0966714,0.0449766,0.0620966,0.0331222,0.0996165
6,63,0.184934,11.2375,0.113036,0.0424321,0.0543895,0.0358498,0.0962048
7,63,0.186721,11.2398,0.114226,0.0445715,0.0520782,0.0350028,0.10035
1,64,0.199691,12.2278,0.103017,0.0413445,0.0453674,0.029784,0.101103
2,64,0.20265,12.3268,0.0957501,0.0396512,0.0547817,0.0277478,0.103366
3,64,0.214489,12.1061,0.0993365,0.0408126,0.0519317,0.0289722,0.100563
4,64,0.194164,11.7602,0.0988978,0.0438774,0.0614984,0.0288781,0.104593
5,64,0.210629,12.3281,0.102211,0.0440535,0.0573424,0.0267435,0.100917
6,64,0.200303,11.6923,0.110302,0.0441341,0.0503206,0.0292174,0.102853
7,64,0.215689,12.6973,0.100229,0.0483474,0.0499236,0.0301204,0.104854
1,65,0.194157,10.2358,0.112076,0.0412045,0.0588139,0.0306206,0.101202
2,65,0.210357,11.2549,0.0959341,0.0365794,0.0515409,0.0277949,0.0986407
3,65,0.219182,11.6298,0.0988851,0.0382265,0.0573407,0.0284791,0.0980973
4,65,0.185808,10.6912,0.101642,0.0373369,0.0479331,0.0282257,0.09971
5,65,0.206244,11.3054,0.103893,0.0358472,0.0559759,0.0287461,0.0957499
6,65,0.218926,11.3787,0.099689,0.0400825,0.0614075,0.0262512,0.10229
7,65,0.193706,11.4781,0.096235,0.037622,0.059698,0.0288266,0.103127
1,66,0.225382,13.1848,0.108981,0.0427882,0.0543768,0.0279382,0.101332
2,66,0.23177,14.0086,0.10218,0.0399886,0.0479281,0.0261349,0.102116
3,66,0.228103,13.3511,0.112388,0.0444761,0.054326,0.0265566,0.0991898
4,66,0.255462,13.5201,0.107726,0.0447445,0.0502302,0.0261068,0.103058
5,66,0.232611,13.8498,0.108733,0.0379721,0.0508304,0.025342,0.099066
6,66,0.245188,13.7112,0.104172,0.0372548,0.0536082,0.0277508,0.102918
7,66,0.228038,13.2951,0.110871,0.0412298,0.0391236,0.0279244,0.0983881
1,67,0.191199,11.7737,0.104147,0.0389783,0.0454556,0.0270432,0.10198
2,67,0.186874,11.8065,0.097925,0.0408322,0.0487318,0.027619,0.101418
3,67,0.198748,11.1719,0.106747,0.0359633,0.0498159,0.0273068,0.101679
4,67,0.206852,11.8586,0.0982039,0.0379269,0.0529026,0.0280307,0.101052
5,67,0.219458,12.1036,0.0959841,0.0432098,0.0482074,0.0270974,0.0993435
6,67,0.197937,10.9937,0.105219,0.044698,0.0461183,0.0275086,0.103739
7,67,0.223738,11.5015,0.102995,0.0455492,0.0460387,0.0275543,0.10202
1,68,0.184248,10.5809,0.112628,0.0404699,0.0633197,0.0288844,0.0982174
2,68,0.185389,10.949,0.0927885,0.0411532,0.0498946,0.0291851,0.102867
3,68,0.193318,11.0273,0.0955156,0.0410692,0.0529533,0.0296453,0.101001
4,68,0.19116,10.7052,0.100491,0.0423628,0.0617634,0.0291605,0.103567
5,68,0.195031,10.4918,0.109545,0.0424489,0.0493089,0.028675,0.100075
6,68,0.223819,10.6849,0.0946872,0.0405189,0.0508187,0.0283008,0.0986415
7,68,0.204742,11.0291,0.100124,0.0376879,0.0475054,0.0295382,0.102613
1,69,0.212307,11.455,0.108873,0.0388764,0.0468132,0.0292132,0.0987651
2,69,0.220593,11.6444,0.103149,0.0420902,0.045953,0.0290553,0.10091
3,69,0.230068,11.5091,0.10514,0.0445719,0.0543166,0.0265719,0.099217
4,69,0.201479,11.4769,0.111141,0.0392726,0.0532235,0.0272104,0.0973741
5,69,0.236596,13.6812,0.0963208,0.0465766,0.0520659,0.0272075,0.103919
6,69,0.198342,11.5419,0.108784,0.0387411,0.0480352,0.0278879,0.103788
7,69,0.20196,11.2441,0.11522,0.0388655,0.0435093,0.0273244,0.100252
1,70,0.197504,12.2271,0.0936917,0.0416516,0.0513154,0.0285541,0.0977388
2,70,0.171196,11.4137,0.102847,0.0381444,0.0539196,0.0280839,0.100437
3,70,0.170238,11.4153,0.0976688,0.0385406,0.0580784,0.0277413,0.101937
4,70,0.169026,11.6106,0.102741,0.0401837,0.0590292,0.0273407,0.100601
5,70,0.172693,11.8976,0.102118,0.0379966,0.0654836,0.0278391,0.104529
6,70,0.172535,11.6178,0.0988962,0.0402538,0.0549893,0.0263598,0.101464
7,70,0.178239,11.7112,0.0957424,0.0368573,0.0588162,0.028671,0.100683
1,71,0.197635,10.4889,0.101199,0.039468,0.0441964,0.0341375,0.102634
2,71,0.204588,11.0195,0.103479,0.0498064,0.0497253,0.0336982,0.101091
3,71,0.188824,10.5855,0.0996435,0.0438962,0.039434,0.035545,0.100311
4,71,0.205434,10.2201,0.10773,0.0444033,0.0424592,0.0338282,0.0964729
5,71,0.186287,10.5754,0.114522,0.044132,0.0465489,0.03369,0.0996074
6,71,0.195011,10.9347,0.100096,0.0374106,0.0491431,0.0335057,0.0997199
7,71,0.202237,11.1887,0.0996658,0.0355622,0.0433864,0.0356185,0.0985165
1,72,0.219291,10.6201,0.107476,0.0428295,0.0548501,0.0302596,0.0986275
2,72,0.219521,10.2025,0.0943462,0.0390992,0.0464735,0.0314577,0.099579
3,72,0.203311,10.3498,0.107381,0.0494681,0.0492197,0.0299619,0.102323
4,72,0.213136,10.1813,0.0989055,0.0416032,0.0505168,0.0279404,0.10109
5,72,0.221935,11.027,0.0950723,0.0430205,0.0472646,0.0318859,0.0977054
6,72,0.225199,11.0255,0.0910671,0.0398929,0.0499925,0.0313162,0.103385
7,72,0.205985,10.5274,0.0993176,0.0384999,0.0512223,0.0309357,0.103232
1,73,0.208783,11.592,0.105378,0.0424949,0.0549791,0.0273874,0.0990642
2,73,0.213604,12.3477,0.102123,0.0448855,0.050107,0.0279546,0.0967091
3,73,0.188401,11.7624,0.106443,0.0375368,0.0493291,0.02786,0.0991535
4,73,0.205678,12.4317,0.0957671,0.0368646,0.0488651,0.027282,0.100128
5,73,0.190652,11.4222,0.107472,0.0434493,0.0450432,0.0301413,0.101295
6,73,0.203055,11.6146,0.109875,0.0407019,0.0477293,0.0292771,0.0994046
7,73,0.195356,11.7755,0.101518,0.0466145,0.0691993,0.0281083,0.101522
1,74,0.181842,12.021,0.0975748,0.0391929,0.0442709,0.0293016,0.101162
2,74,0.174517,11.7947,0.0943679,0.0342401,0.0500204,0.0286796,0.100774
3,74,0.187679,12.3304,0.0968447,0.0381583,0.0533748,0.0282038,0.100452
4,74,0.176725,11.7186,0.105979,0.0400373,0.0516304,0.028678,0.102143
5,74,0.178508,12.2883,0.0957635,0.0352166,0.0456564,0.0272982,0.105726
6,74,0.173708,12.6735,0.102201,0.0374631,0.056622,0.0279745,0.0999545
7,74,0.192622,12.3221,0.0875845,0.0358893,0.0465549,0.0308761,0.103711
1,75,0.202005,11.0146,0.0912056,0.0395014,0.0479112,0.030198,0.0994795
2,75,0.197641,9.745,0.102078,0.0427854,0.05599,0.0325946,0.0997084
3,75,0.201153,10.7342,0.0895218,0.039178,0.0443379,0.0299744,0.101178
4,75,0.214103,10.3396,0.0961146,0.0465784,0.0511681,0.028768,0.0994146
5,75,0.194759,9.77844,0.109187,0.0418774,0.050633,0.0319474,0.101843
6,75,0.194172,10.1018,0.104748,0.0408442,0.0478543,0.0278501,0.100103
7,75,0.185035,10.4715,0.0878387,0.0375517,0.0468071,0.0323168,0.0995054
1,76,0.24982,13.2183,0.111687,0.0432364,0.0600339,0.029676,0.101773
2,76,0.242403,12.3939,0.102842,0.0392298,0.0589796,0.0318977,0.0952134
3,76,0.233285,12.6397,0.111499,0.0430847,0.0480326,0.0321534,0.105275
4,76,0.229715,12.4832,0.107037,0.0415117,0.0598957,0.0305842,0.100083
5,76,0.250472,13.0418,0.108229,0.0468372,0.0492256,0.0326216,0.103191
6,76,0.228123,12.6036,0.111124,0.0384636,0.0550165,0.0335794,0.10199
7,76,0.212261,12.7595,0.115778,0.044,0.0538882,0.0309351,0.101744
1,77,0.181092,12.6579,0.10126,0.0406947,0.0353071,0.0281981,0.0968831
2,77,0.18546,12.563,0.10026,0.0442396,0.0454229,0.0271628,0.100759
3,77,0.173366,12.507,0.0986325,0.0398773,0.0476722,0.0317747,0.100801
4,77,0.180609,12.8756,0.0958499,0.0430314,0.0513399,0.029492,0.106059
5,77,0.173109,12.1404,0.109744,0.0416465,0.0466032,0.0305522,0.102633
6,77,0.178009,12.9473,0.0954842,0.0412799,0.0516222,0.0301653,0.105892
7,77,0.189004,12.5517,0.0973836,0.0398232,0.0520059,0.0296274,0.103702
1,78,0.170276,12.3812,0.11306,0.0435756,0.0524279,0.0304942,0.0997259
2,78,0.195469,13.1771,0.110596,0.043159,0.0494583,0.0304868,0.100237
3,78,0.186771,13.5726,0.102501,0.0390494,0.0498052,0.0300501,0.103334
4,78,0.196701,13.5831,0.0985294,0.0411352,0.0447584,0.0338937,0.100435
5,78,0.185743,13.9657,0.0961813,0.0477063,0.0491025,0.032372,0.103535
6,78,0.196448,12.7591,0.1091,0.0462794,0.0456468,0.0323078,0.102138
7,78,0.165924,12.6017,0.118641,0.0400592,0.0499371,0.0310258,0.103995
1,79,0.182758,11.8083,0.0995409,0.041467,0.0443637,0.0349395,0.105083
2,79,0.195326,12.6895,0.0988442,0.0376668,0.0506565,0.0344863,0.0992463
3,79,0.179628,10.9619,0.108934,0.0516151,0.0523378,0.0340358,0.103087
4,79,0.182824,11.2992,0.105541,0.0395486,0.0548506,0.0342891,0.0973498
5,79,0.185056,12.4785,0.100188,0.0427926,0.0452802,0.0352091,0.101881
6,79,0.191095,12.0287,0.0873828,0.0401951,0.0523614,0.0370986,0.108663
7,79,0.187892,12.1044,0.100585,0.0445362,0.0459486,0.0343295,0.0992927
1,80,0.173526,11.8084,0.0996265,0.0411851,0.0652722,0.0281315,0.0976419
2,80,0.178999,11.4146,0.0987799,0.0424246,0.0638098,0.0288698,0.102076
3,80,0.167856,11.3251,0.0970077,0.0370548,0.0525406,0.0279002,0.0994725
4,80,0.17553,11.8156,0.0905328,0.0452401,0.0557809,0.0270951,0.101608
5,80,0.160819,11.8245,0.0925333,0.0396381,0.0574125,0.0294705,0.105817
6,80,0.156929,11.4429,0.10007,0.0377178,0.0518173,0.0288159,0.104743
7,80,0.168901,11.7532,0.0927213,0.0401379,0.0688549,0.027798,0.101378
