iteration,convergenceIndicator,phase,Cl_pop,V_pop,a,b,ka_pop,omega_Cl,omega_V,omega_ka
1,554.616,1,0.1,0.5,1,0.3,1,1,1,1
2,535.754,1,0.0467898,0.458021,0.95,0.285,1.27506,0.974679,0.974679,0.974679
3,538.492,1,0.0456201,0.446091,0.9025,0.27075,1.20749,0.95,0.95,0.95
4,532.321,1,0.0432334,0.425624,0.857375,0.257212,1.17432,0.925945,0.925945,0.925945
5,511.197,1,0.0421185,0.465785,0.814506,0.244352,1.41305,0.9025,0.9025,0.9025
6,508.28,1,0.0403241,0.464234,0.773781,0.232134,1.50482,0.879648,0.879648,0.879648
7,490.411,1,0.0397632,0.460895,0.735092,0.220528,1.45317,0.857375,0.857375,0.857375
8,471.359,1,0.0403645,0.460305,0.698337,0.209501,1.42006,0.835666,0.835666,0.835666
9,459.187,1,0.0392419,0.497529,0.66342,0.199026,1.6354,0.814506,0.814506,0.814506
10,445.597,1,0.0391541,0.498251,0.630249,0.189075,1.70433,0.793882,0.793882,0.793882
11,426.351,1,0.0400991,0.496097,0.598737,0.179621,1.58429,0.773781,0.773781,0.773781
12,425.982,1,0.037821,0.493706,0.5688,0.17064,1.62871,0.754188,0.754188,0.754188
13,422.738,1,0.0395144,0.494088,0.54036,0.162108,1.79198,0.735092,0.735092,0.735092
14,407.484,1,0.0392182,0.483078,0.513342,0.154003,1.76523,0.716479,0.716479,0.716479
15,393.407,1,0.0393979,0.480813,0.487675,0.146302,1.65437,0.698337,0.698337,0.698337
16,384.867,1,0.0383629,0.484609,0.463291,0.138987,1.6595,0.680655,0.680655,0.680655
17,375.021,1,0.040211,0.478161,0.440127,0.132038,1.56992,0.66342,0.66342,0.66342
18,362.052,1,0.0398672,0.47919,0.41812,0.125436,1.60361,0.646622,0.646622,0.646622
19,358.743,1,0.0381521,0.47344,0.397214,0.119164,1.57846,0.630249,0.630249,0.64054
20,355.525,1,0.0385944,0.47501,0.377354,0.113206,1.5952,0.614291,0.614291,0.630394
21,348.757,1,0.0391936,0.476691,0.358486,0.107546,1.55063,0.598737,0.598737,0.614432
22,337.161,1,0.0395854,0.46456,0.340562,0.102168,1.51207,0.583577,0.583577,0.625567
23,319.874,1,0.0388475,0.472749,0.323534,0.0970601,1.54325,0.5688,0.5688,0.61543
24,321.225,1,0.0387152,0.471997,0.307357,0.0922071,1.56409,0.554398,0.554398,0.599847
25,316.02,1,0.0396474,0.469358,0.321219,0.0851181,1.61125,0.54036,0.54036,0.645217
26,307.083,1,0.0391583,0.466006,0.361668,0.0716683,1.5853,0.526678,0.526678,0.62888
27,301.975,1,0.0397094,0.466995,0.389308,0.0622898,1.66454,0.513342,0.513342,0.697918
28,305.016,1,0.0397013,0.465458,0.437,0.0549224,1.66438,0.500344,0.500344,0.688372
29,301.003,1,0.039308,0.46847,0.424397,0.056739,1.60516,0.487675,0.487675,0.670942
30,298.809,1,0.0394085,0.465233,0.432494,0.0550331,1.57565,0.475327,0.475327,0.653953
31,299.786,1,0.0398192,0.46987,0.367265,0.06973,1.54944,0.463291,0.463291,0.647473
32,298.24,1,0.0397518,0.46698,0.376902,0.0675144,1.54737,0.45156,0.45156,0.631079
33,297.149,1,0.0399262,0.465663,0.380285,0.0665707,1.55643,0.440127,0.440127,0.630195
34,293.626,1,0.0400404,0.465664,0.361043,0.0699072,1.56352,0.428982,0.428982,0.621195
35,291.522,1,0.0393728,0.470924,0.357831,0.0690047,1.5544,0.41812,0.41812,0.623405
36,291.228,1,0.0404649,0.467334,0.381286,0.0653544,1.53787,0.407533,0.407533,0.611124
37,294.34,1,0.0400981,0.458585,0.419472,0.0588029,1.54251,0.397214,0.397214,0.623392
38,292.328,1,0.0400903,0.453945,0.386964,0.0639745,1.52751,0.387157,0.387157,0.65498
39,293.166,1,0.04006,0.464905,0.398944,0.0638811,1.53994,0.377354,0.377354,0.638396
40,292.696,1,0.0408292,0.461396,0.419132,0.0603314,1.5042,0.367799,0.367799,0.622231
41,290.123,1,0.0396462,0.45848,0.444504,0.053316,1.54206,0.358486,0.358486,0.61886
42,293.642,1,0.0394902,0.459759,0.487804,0.0463025,1.58418,0.349409,0.349409,0.631498
43,290.394,1,0.0392811,0.462958,0.448888,0.0530408,1.55683,0.340562,0.340562,0.615508
44,290.145,1,0.039314,0.462693,0.444874,0.0529735,1.60053,0.331938,0.331938,0.66094
45,289.327,1,0.0384882,0.465347,0.48153,0.0461406,1.62152,0.323534,0.323534,0.652584
46,292.416,1,0.0397343,0.458853,0.444543,0.0554355,1.55625,0.315341,0.315341,0.671028
47,290.347,1,0.0401621,0.460421,0.464797,0.0517469,1.56243,0.307357,0.307357,0.654037
48,290.422,1,0.0399293,0.457174,0.446456,0.0559058,1.53695,0.299574,0.299574,0.637476
49,288.626,1,0.0401256,0.462654,0.475829,0.0504817,1.52172,0.291989,0.291989,0.621335
50,288.055,1,0.0406491,0.461502,0.47144,0.0519415,1.5339,0.284596,0.284596,0.605603
51,286.337,1,0.0403403,0.460939,0.43863,0.0566457,1.52516,0.27739,0.27739,0.608817
52,290.596,1,0.0407771,0.462496,0.435051,0.0610628,1.5551,0.270366,0.270366,0.629015
53,290.98,1,0.0398693,0.466727,0.444245,0.0576042,1.55914,0.27232,0.26352,0.669107
54,288.161,1,0.0392316,0.466625,0.457496,0.0543353,1.58103,0.265425,0.256848,0.652393
55,284.907,1,0.0393959,0.457602,0.427237,0.0575214,1.51951,0.267834,0.250344,0.670516
56,279.812,1,0.0405024,0.454948,0.46641,0.0487312,1.552,0.261095,0.244005,0.653539
57,284.694,1,0.0404408,0.454276,0.475006,0.0490135,1.48883,0.285534,0.237827,0.636991
58,274.732,1,0.0404251,0.452909,0.441904,0.0500244,1.50782,0.278304,0.231805,0.631131
59,277.296,1,0.0396495,0.452972,0.414265,0.0566438,1.50109,0.27422,0.225936,0.655259
60,280.648,1,0.0397367,0.455115,0.431812,0.0556976,1.59202,0.273341,0.220215,0.638667
61,287.31,1,0.0399804,0.459094,0.472857,0.0516173,1.56767,0.26642,0.214639,0.664256
62,286.025,1,0.0385923,0.466561,0.429827,0.057282,1.61968,0.262172,0.209204,0.707985
63,286.51,1,0.0394481,0.458841,0.413404,0.0629005,1.50948,0.267543,0.203907,0.690058
64,284.026,1,0.0397621,0.452959,0.405357,0.0642404,1.46506,0.260768,0.198744,0.672586
65,278.045,1,0.0397316,0.450155,0.42963,0.0573833,1.44895,0.254166,0.193711,0.655556
66,279.502,1,0.0398026,0.454405,0.47167,0.0495342,1.49848,0.258737,0.188807,0.638957
67,282.304,1,0.040859,0.452747,0.486358,0.048373,1.50236,0.252185,0.184026,0.63618
68,279.758,1,0.0399608,0.455733,0.43639,0.0547841,1.54828,0.273944,0.179366,0.624741
69,280.958,1,0.0402042,0.456796,0.482428,0.0481899,1.59736,0.267007,0.174825,0.637667
70,285.584,1,0.0400889,0.458258,0.514933,0.0436499,1.60153,0.260247,0.176231,0.644749
71,280.35,1,0.0393452,0.465349,0.492247,0.0481377,1.56653,0.253657,0.171769,0.628424
72,281.54,1,0.038666,0.459413,0.473311,0.0507396,1.55669,0.247234,0.167419,0.647263
73,283.209,1,0.0393126,0.459778,0.4811,0.0515946,1.54491,0.240974,0.16318,0.66735
74,277.772,1,0.0388761,0.455358,0.471284,0.04753,1.52694,0.244965,0.159048,0.684374
75,276.601,1,0.0402507,0.45754,0.487977,0.0446476,1.56411,0.238762,0.155021,0.697067
76,274.106,1,0.0405164,0.448502,0.515947,0.0390594,1.51706,0.246881,0.151096,0.679417
77,270.99,1,0.0414096,0.448384,0.464087,0.0478143,1.49252,0.26053,0.14727,0.662214
78,265.843,1,0.0413487,0.448318,0.453204,0.047047,1.48226,0.26086,0.143541,0.653679
79,271.656,1,0.040135,0.445505,0.375572,0.0635187,1.46683,0.262447,0.139907,0.727008
80,273.523,1,0.039588,0.450932,0.391983,0.0613351,1.48495,0.260538,0.139722,0.7086
81,269.698,1,0.0399356,0.449308,0.367869,0.0651552,1.46593,0.263003,0.136184,0.690658
82,272.359,1,0.039415,0.44971,0.398423,0.0602563,1.46723,0.272756,0.132736,0.67454
83,269.678,1,0.0399907,0.451837,0.393374,0.0606374,1.48253,0.26585,0.132717,0.65746
84,270.794,1,0.0403587,0.452419,0.455115,0.0494195,1.49984,0.267656,0.131449,0.640813
85,270.209,1,0.0395687,0.456305,0.424222,0.0535427,1.56243,0.261021,0.134571,0.69065
86,267.479,1,0.0404769,0.455221,0.399188,0.0587222,1.51202,0.264977,0.131163,0.673162
87,268.088,1,0.039839,0.455061,0.376564,0.0616645,1.56163,0.268754,0.130006,0.707881
88,266.709,1,0.0401704,0.45265,0.445774,0.0488046,1.58793,0.261949,0.126714,0.717612
89,269.442,1,0.0405841,0.450132,0.448062,0.0506331,1.56224,0.259117,0.123506,0.699442
90,271.43,1,0.0402449,0.453419,0.441988,0.0534642,1.50271,0.258999,0.120378,0.681732
91,271.113,1,0.0397856,0.452352,0.440684,0.0518343,1.51408,0.259046,0.127374,0.691809
92,274.645,1,0.0392554,0.461429,0.433044,0.0559604,1.52762,0.255978,0.137369,0.674292
93,275.524,1,0.0397859,0.467117,0.453652,0.0523365,1.59899,0.259096,0.136665,0.657218
94,280.988,1,0.0395276,0.473492,0.425479,0.0614921,1.59274,0.259897,0.144372,0.640577
95,282.144,1,0.0402214,0.460044,0.43579,0.0584099,1.53137,0.263797,0.144984,0.667979
96,279.679,1,0.0397972,0.456899,0.418889,0.0618294,1.49197,0.273881,0.141313,0.651066
97,278.04,1,0.0405297,0.446775,0.420329,0.0614292,1.43591,0.266946,0.137735,0.63458
98,272.767,1,0.0408994,0.455683,0.424635,0.0584359,1.48156,0.260187,0.134248,0.631672
99,273.988,1,0.0397307,0.461369,0.441042,0.0545819,1.52307,0.253599,0.144302,0.637362
100,269.671,1,0.0396271,0.465628,0.421328,0.0550846,1.5315,0.261347,0.140648,0.651475
101,269.28,1,0.0403106,0.45827,0.495323,0.0395102,1.54556,0.25473,0.150152,0.652666
102,271.448,1,0.0400839,0.458204,0.406367,0.0572771,1.55181,0.24828,0.16058,0.669043
103,272.668,1,0.0392292,0.459896,0.432044,0.0543634,1.53651,0.251517,0.156514,0.652103
104,272.745,1,0.0396965,0.46063,0.366955,0.0689719,1.53775,0.247846,0.152551,0.635591
105,273.377,1,0.0400919,0.455928,0.392475,0.0623677,1.53139,0.269884,0.148688,0.684907
106,272.174,1,0.0392972,0.462538,0.394885,0.0601835,1.55843,0.264213,0.144924,0.69521
107,268.552,1,0.0395497,0.462221,0.445503,0.049584,1.57356,0.257523,0.143186,0.677607
108,275.604,1,0.0398139,0.468286,0.38914,0.0645774,1.59011,0.261255,0.148183,0.660449
109,277.287,1,0.0396884,0.465794,0.412937,0.0622368,1.59654,0.25464,0.144431,0.643726
110,272.786,1,0.0392739,0.46469,0.444161,0.0508304,1.61374,0.262898,0.140774,0.684703
111,273.902,1,0.0396058,0.46714,0.399527,0.0621303,1.60377,0.261935,0.13721,0.683568
112,276.584,1,0.0398188,0.463634,0.397802,0.0635164,1.62626,0.255302,0.133736,0.750365
113,271.531,1,0.0402759,0.451383,0.338591,0.0729846,1.46202,0.271133,0.130349,0.731366
114,269.775,1,0.0409328,0.446475,0.336963,0.0743058,1.45743,0.264268,0.127049,0.712847
115,277.167,1,0.0406636,0.453874,0.38549,0.0659011,1.49977,0.265592,0.135847,0.701708
116,280.932,1,0.0406976,0.45412,0.370478,0.0721477,1.46608,0.258867,0.13784,0.68394
117,283.373,1,0.0403135,0.448767,0.409957,0.0644029,1.45757,0.266969,0.134349,0.710742
118,282.731,1,0.0402302,0.45133,0.438068,0.0603573,1.47549,0.26021,0.130948,0.692746
119,273.885,1,0.0409557,0.455593,0.362057,0.0694445,1.48831,0.270329,0.137188,0.675205
120,266.929,1,0.0407021,0.455506,0.396835,0.0600984,1.49771,0.276136,0.133714,0.658108
121,267.97,1,0.0411334,0.452196,0.3917,0.0623039,1.50232,0.269144,0.130329,0.641445
122,267.874,1,0.0404007,0.46079,0.473869,0.044858,1.5612,0.277918,0.127067,0.625203
123,267.505,1,0.0398872,0.451888,0.466161,0.0461693,1.47587,0.270881,0.123849,0.667633
124,271.775,1,0.0395374,0.458128,0.441334,0.052416,1.50132,0.26574,0.131223,0.650728
125,275.291,1,0.0391805,0.465865,0.397452,0.0621078,1.53675,0.277235,0.137603,0.651633
126,271.207,1,0.0393383,0.468202,0.405134,0.0605645,1.52298,0.270215,0.134118,0.635133
127,268.792,1,0.0389339,0.462998,0.464525,0.0471923,1.55587,0.269944,0.130722,0.619051
128,271.199,1,0.0392456,0.463352,0.419629,0.0579534,1.5386,0.268802,0.127413,0.633514
129,274.406,1,0.0399838,0.461034,0.432033,0.0574954,1.53759,0.267766,0.124186,0.621791
130,266.872,1,0.0398864,0.467928,0.406777,0.0581705,1.56919,0.2666,0.130334,0.606047
131,278.981,1,0.0399508,0.460366,0.449859,0.0564305,1.55392,0.259849,0.128486,0.631593
132,276.063,1,0.0404165,0.455348,0.447406,0.0549731,1.52271,0.263018,0.125233,0.663522
133,272.115,1,0.0396379,0.457148,0.485258,0.0436562,1.56172,0.256358,0.136985,0.666151
134,279.847,1,0.0401552,0.452997,0.476571,0.0484445,1.56129,0.265328,0.146003,0.649283
135,279.868,1,0.0395652,0.452166,0.433231,0.0568199,1.54307,0.265822,0.143288,0.646902
136,271.512,1,0.0391658,0.463084,0.480594,0.0452416,1.5942,0.259091,0.13966,0.636632
137,271.528,1,0.039545,0.463837,0.453761,0.0509865,1.53724,0.274816,0.136123,0.620512
138,267.607,1,0.0402375,0.460329,0.423806,0.0542586,1.52594,0.275624,0.132677,0.609026
139,270.537,1,0.0405741,0.459735,0.364309,0.0682112,1.5024,0.284741,0.129317,0.609992
140,270.256,1,0.0402976,0.457898,0.359746,0.06793,1.54515,0.277532,0.134493,0.635072
141,272.282,1,0.0401482,0.461445,0.385815,0.0644829,1.53535,0.274179,0.131087,0.627883
142,269.468,1,0.0389753,0.465701,0.329064,0.0741595,1.52289,0.267236,0.129752,0.658235
143,276.087,1,0.0391507,0.467534,0.343181,0.0735838,1.61753,0.270418,0.129238,0.700706
144,273.69,1,0.0391234,0.466536,0.338375,0.0751169,1.57376,0.263571,0.128383,0.708813
145,284.703,1,0.0392055,0.460876,0.366485,0.0723972,1.57,0.284372,0.129299,0.757991
146,280.114,1,0.0387802,0.465345,0.401616,0.0644869,1.56582,0.279013,0.126965,0.738798
147,282.776,1,0.0400321,0.457472,0.461978,0.0539049,1.57241,0.290328,0.12549,0.720091
148,275.582,1,0.0395741,0.460895,0.448662,0.0515419,1.55333,0.282977,0.143962,0.701858
149,275.61,1,0.0397096,0.461538,0.426812,0.0546509,1.57943,0.275811,0.145852,0.709648
150,273.784,1,0.0393322,0.458854,0.418449,0.057055,1.55713,0.268828,0.142159,0.696701
151,275.065,1,0.0394651,0.459953,0.469264,0.0473574,1.56857,0.283716,0.138559,0.67906
152,278.853,1,0.0389072,0.457897,0.453359,0.0533442,1.5373,0.27908,0.135051,0.665937
153,267.664,1,0.0393336,0.453874,0.407901,0.0575284,1.48546,0.277188,0.131631,0.649075
154,271.528,1,0.0395999,0.453022,0.401167,0.0607943,1.51113,0.282343,0.128298,0.658614
155,270.231,1,0.0402412,0.454532,0.352119,0.0710792,1.4869,0.275194,0.12505,0.664277
156,275.761,1,0.0402085,0.454074,0.37051,0.0712368,1.47557,0.272038,0.121883,0.647457
157,271.308,1,0.0401532,0.458959,0.335249,0.0770276,1.5029,0.26515,0.118797,0.631063
158,269.91,1,0.0404358,0.455699,0.383823,0.0669923,1.54271,0.258436,0.115789,0.621932
159,262.689,1,0.0407519,0.459327,0.409343,0.05702,1.55732,0.25805,0.112857,0.630046
160,271.119,1,0.0410075,0.457527,0.396459,0.0645414,1.53932,0.253538,0.112906,0.641582
161,279.662,1,0.0398099,0.455897,0.423055,0.0630145,1.49938,0.264895,0.114771,0.637261
162,279.138,1,0.0396235,0.458324,0.37211,0.0728761,1.52116,0.280613,0.11405,0.621126
163,275.72,1,0.0402955,0.457369,0.381346,0.0674926,1.48385,0.293654,0.119357,0.64261
164,275.202,1,0.0408013,0.463744,0.357039,0.0738916,1.5312,0.286219,0.120589,0.626339
165,271.046,1,0.0396937,0.462668,0.347948,0.0727574,1.53459,0.285487,0.117536,0.63591
166,268.204,1,0.0396139,0.453528,0.347743,0.0714818,1.50513,0.279821,0.11456,0.644568
167,273.053,1,0.0397638,0.458041,0.345828,0.0737957,1.47931,0.278284,0.121324,0.628247
168,266.51,1,0.0396694,0.455444,0.338301,0.0713122,1.50758,0.271238,0.118252,0.655223
169,275.119,1,0.0396237,0.457188,0.384855,0.0667337,1.45852,0.274325,0.123817,0.638632
170,271.586,1,0.0396865,0.461298,0.398871,0.0621601,1.46769,0.274652,0.123824,0.626479
171,268.651,1,0.0407956,0.459084,0.504308,0.0399848,1.53663,0.284447,0.120689,0.633182
172,269.607,1,0.0401497,0.459926,0.414142,0.059312,1.52466,0.277244,0.117633,0.625881
173,271.191,1,0.040536,0.459759,0.378489,0.066327,1.53343,0.278428,0.118752,0.637224
174,273.543,1,0.0396741,0.460132,0.312502,0.0798864,1.47885,0.29571,0.121047,0.650085
175,278.501,1,0.0404093,0.455305,0.3755,0.0687227,1.53953,0.288222,0.137708,0.633624
176,276.722,1,0.0402482,0.453742,0.379793,0.0682506,1.51164,0.280924,0.134253,0.617581
177,279.027,1,0.0402627,0.453285,0.413987,0.0636207,1.43111,0.287966,0.130854,0.601943
178,275.043,1,0.0399595,0.449269,0.47623,0.0467064,1.49482,0.293743,0.127927,0.617632
179,273.642,1,0.0410908,0.451038,0.515019,0.0395368,1.52228,0.294813,0.124688,0.622355
180,280.251,1,0.0408005,0.443725,0.522106,0.0411831,1.51303,0.302893,0.121531,0.63574
181,275.58,1,0.0395335,0.451379,0.414993,0.0609921,1.46614,0.300211,0.118453,0.632793
182,276.491,1,0.0409614,0.452183,0.47887,0.0481555,1.46599,0.294095,0.118597,0.656785
183,278.142,1,0.040916,0.456954,0.465794,0.0532591,1.51205,0.286649,0.122084,0.640155
184,271.313,1,0.0401348,0.45594,0.398688,0.0624637,1.51891,0.279391,0.118993,0.649018
185,273.855,1,0.0404338,0.458387,0.401135,0.0625481,1.53088,0.28183,0.120414,0.646993
186,276.299,1,0.0397896,0.455712,0.455893,0.0516661,1.52821,0.291377,0.124239,0.641538
187,272.671,1,0.0394492,0.452677,0.455915,0.0492024,1.51397,0.284,0.130917,0.665683
188,275.002,1,0.0395941,0.461072,0.439057,0.055211,1.53084,0.276809,0.128133,0.648828
189,274.441,1,0.0387853,0.463714,0.474682,0.0472519,1.58228,0.2698,0.130467,0.663985
190,270.63,1,0.0394432,0.462003,0.469132,0.0455266,1.58518,0.262968,0.139069,0.665781
191,270.843,1,0.0397536,0.464321,0.427418,0.0559292,1.55066,0.25631,0.135548,0.648923
192,271.828,1,0.0399415,0.457991,0.418646,0.0591895,1.54338,0.252101,0.132116,0.632492
193,267.035,1,0.0395275,0.463538,0.375184,0.0640034,1.57619,0.263083,0.12877,0.668026
194,270.338,1,0.0396233,0.461188,0.410724,0.0587868,1.54303,0.256421,0.128266,0.66713
195,275.477,1,0.0391881,0.45786,0.471294,0.049762,1.56133,0.259902,0.125018,0.650238
196,274.86,1,0.0400788,0.459566,0.515145,0.0400095,1.59116,0.253321,0.14166,0.645917
197,276.473,1,0.0398408,0.458332,0.503656,0.0433444,1.57992,0.246907,0.139522,0.629562
198,281.386,1,0.0402401,0.459781,0.506391,0.0433707,1.57882,0.260921,0.156198,0.630947
199,286.495,1,0.0410965,0.458405,0.509239,0.0490933,1.48431,0.254314,0.153718,0.614971
200,277.904,1,0.0405691,0.4575,0.497174,0.0454137,1.52071,0.247875,0.156243,0.610282
201,287.84,1,0.0406267,0.452094,0.518927,0.0452633,1.50774,0.256966,0.152286,0.643133
202,278.305,1,0.0400635,0.456488,0.520598,0.0393789,1.52979,0.250459,0.156997,0.628183
203,275.906,1,0.0401041,0.459193,0.53674,0.0362777,1.54072,0.244117,0.153022,0.613389
204,274.445,1,0.0395089,0.457603,0.49201,0.0433745,1.54697,0.249731,0.149147,0.624153
205,280.465,1,0.0394639,0.458573,0.435118,0.0577502,1.52427,0.26488,0.150808,0.608349
206,277.838,1,0.0395571,0.461591,0.41658,0.0591257,1.56148,0.258174,0.160625,0.610676
207,276.927,1,0.0393846,0.465857,0.443773,0.0550432,1.55599,0.257323,0.156558,0.595214
208,272.164,1,0.0395627,0.46323,0.402714,0.0600549,1.55774,0.255417,0.152594,0.609333
209,274.697,1,0.0394427,0.466226,0.426463,0.0567281,1.54966,0.258935,0.14873,0.627063
210,276.297,1,0.0396325,0.470935,0.425352,0.0585741,1.59025,0.268901,0.144964,0.613092
211,277.909,1,0.0394217,0.456598,0.424361,0.0585163,1.53191,0.276481,0.141293,0.617455
212,284,1,0.0395235,0.461264,0.456914,0.0570903,1.548,0.271085,0.137716,0.612384
213,275.798,1,0.0406479,0.468255,0.464413,0.0518169,1.56507,0.264424,0.134229,0.65802
214,273.557,1,0.0394752,0.468109,0.420193,0.0587672,1.57699,0.269787,0.13083,0.641359
215,278.176,1,0.040155,0.465089,0.413815,0.0618669,1.57635,0.262956,0.138273,0.655944
216,271.832,1,0.0398706,0.470354,0.42693,0.0561815,1.59109,0.256298,0.138703,0.639336
217,279.758,1,0.0398965,0.456918,0.430134,0.0601708,1.51081,0.249808,0.139001,0.637569
218,272.739,1,0.0399444,0.461375,0.433181,0.0564781,1.52711,0.253498,0.135482,0.625963
219,269.972,1,0.0401303,0.462357,0.407658,0.0600921,1.53389,0.258088,0.132051,0.637538
220,268.958,1,0.04005,0.465116,0.4424,0.0508419,1.55742,0.264667,0.13611,0.631306
221,267.046,1,0.0397911,0.46198,0.40132,0.0584902,1.5604,0.257966,0.132663,0.660289
222,273.028,1,0.0401736,0.464638,0.394173,0.0649479,1.59388,0.260416,0.129304,0.64357
223,271.628,2,0.0398696,0.454055,0.402254,0.0607734,1.52473,0.253822,0.139798,0.63482
224,280.785,2,0.0400432,0.460945,0.499997,0.0474463,1.5237,0.247395,0.154578,0.618746
225,273.854,2,0.0397834,0.462997,0.504607,0.0411188,1.57234,0.272636,0.137925,0.601908
226,271.945,2,0.0396736,0.460546,0.490116,0.0428239,1.57412,0.256206,0.135475,0.648824
227,271.408,2,0.0403446,0.453827,0.486561,0.0434071,1.55359,0.2611,0.13082,0.646073
228,272.663,2,0.0403099,0.451647,0.499044,0.0425583,1.49865,0.267431,0.12245,0.638872
229,275.272,2,0.0403359,0.45283,0.460643,0.0526714,1.47808,0.26209,0.120046,0.619537
230,276.355,2,0.0407619,0.44867,0.482397,0.0489463,1.50048,0.26288,0.115791,0.64166
231,273.621,2,0.0406249,0.45082,0.477291,0.0476489,1.48224,0.270833,0.120953,0.648927
232,279.795,2,0.0408489,0.447796,0.463909,0.05165,1.4332,0.271636,0.131961,0.665596
233,282.354,2,0.0415404,0.446255,0.490033,0.0483948,1.46546,0.272613,0.1307,0.660583
234,273.004,2,0.0410919,0.446024,0.44393,0.0539721,1.46857,0.290545,0.12234,0.649209
235,270.015,2,0.0407196,0.447289,0.431449,0.0551311,1.48173,0.275912,0.116284,0.669614
236,270.76,2,0.0401242,0.455572,0.447521,0.0521188,1.53263,0.262238,0.122684,0.637063
237,267.778,2,0.0404133,0.456144,0.445715,0.0526841,1.51558,0.261056,0.11533,0.628212
238,280.494,2,0.0400089,0.454238,0.448241,0.0549082,1.51657,0.269838,0.118358,0.634986
239,279.018,2,0.0396204,0.456268,0.458205,0.0542709,1.5486,0.279638,0.111084,0.634991
240,273.507,2,0.0393394,0.457584,0.458644,0.053896,1.55374,0.269861,0.10621,0.634451
241,276.203,2,0.0391671,0.459509,0.464988,0.0523031,1.58587,0.266795,0.108567,0.648689
242,271.943,2,0.0394383,0.459291,0.465795,0.0511412,1.56877,0.261228,0.112642,0.640594
243,270.738,2,0.039775,0.459105,0.437177,0.0563039,1.5466,0.255299,0.116297,0.630193
244,276.333,2,0.0394634,0.460014,0.430643,0.0570168,1.56766,0.267483,0.11943,0.64539
245,271.43,2,0.0397205,0.462257,0.400365,0.0620899,1.58658,0.267072,0.125236,0.639515
246,276.021,2,0.0400708,0.462871,0.408979,0.0613564,1.59325,0.268821,0.12352,0.637154
247,266.337,2,0.0398839,0.463291,0.444797,0.0521399,1.59616,0.271747,0.124576,0.638347
248,269.807,2,0.0398882,0.463789,0.444692,0.0513834,1.58032,0.274378,0.127403,0.643948
249,271.791,2,0.0401644,0.464762,0.433831,0.0536687,1.57935,0.272981,0.130893,0.64332
250,270.685,2,0.040025,0.464657,0.420592,0.0558699,1.5837,0.270526,0.131539,0.659571
251,275.056,2,0.0398453,0.463072,0.405694,0.0593258,1.56117,0.26932,0.132912,0.661692
252,271.699,2,0.0398127,0.461029,0.411985,0.0579584,1.5352,0.270496,0.133103,0.658322
253,275.373,2,0.0399143,0.460226,0.408121,0.0589896,1.54412,0.267506,0.131814,0.687056
254,273.969,2,0.0401019,0.459521,0.409122,0.0587285,1.54326,0.273792,0.130046,0.695538
255,279.211,2,0.0401399,0.458949,0.400678,0.0611286,1.55054,0.269602,0.129055,0.718848
256,281.162,2,0.0402732,0.458021,0.397481,0.0623444,1.55924,0.266406,0.130282,0.735704
257,273.649,2,0.0403821,0.457388,0.404002,0.0606638,1.56524,0.269878,0.129213,0.735539
258,266.465,2,0.0404582,0.456912,0.411872,0.0584535,1.56583,0.271704,0.126292,0.726325
259,267.41,2,0.0404818,0.455654,0.415029,0.0575535,1.55198,0.274692,0.123194,0.715291
260,269.085,2,0.0405699,0.454222,0.421173,0.0562884,1.54168,0.274552,0.121132,0.71092
261,267.856,2,0.0406158,0.454047,0.424156,0.055342,1.53772,0.272788,0.122362,0.706821
262,267.445,2,0.0406413,0.453588,0.43075,0.0537604,1.53161,0.274217,0.1224,0.697991
263,266.405,2,0.0406074,0.453567,0.429388,0.0539084,1.52685,0.273193,0.122825,0.685461
264,268.458,2,0.0404999,0.453572,0.421971,0.0553789,1.52251,0.272539,0.122964,0.676863
265,271.529,2,0.0404833,0.454061,0.416752,0.0565004,1.51809,0.27244,0.124508,0.67224
266,274.177,2,0.0404721,0.454275,0.417006,0.056477,1.51892,0.274627,0.126025,0.669889
267,272.891,2,0.0403889,0.454707,0.41992,0.0558501,1.52587,0.27585,0.125926,0.674469
268,269.474,2,0.0403994,0.454718,0.418405,0.0560321,1.53036,0.274815,0.125386,0.682157
269,276.24,2,0.0403595,0.454581,0.419891,0.055824,1.53109,0.274751,0.12596,0.688282
270,277.609,2,0.040322,0.453848,0.420873,0.0557003,1.53092,0.275014,0.126232,0.695321
271,274.28,2,0.0403394,0.453386,0.422109,0.0555609,1.53123,0.274892,0.125738,0.697583
272,279.046,2,0.0403243,0.453486,0.424406,0.0555043,1.52926,0.274147,0.1256,0.695023
273,268.348,2,0.0403772,0.453599,0.425024,0.0554422,1.52756,0.272574,0.125138,0.691657
274,275.91,2,0.0403782,0.453608,0.424359,0.0556278,1.52688,0.272409,0.125345,0.690484
275,276.506,2,0.0403795,0.45367,0.424313,0.0557048,1.52666,0.272367,0.125365,0.689667
276,269.599,2,0.0403792,0.453641,0.423743,0.0558387,1.52576,0.272375,0.125143,0.688291
277,268.461,2,0.0403874,0.453668,0.423139,0.0559492,1.52459,0.272577,0.125137,0.686647
278,273.521,2,0.0403915,0.453763,0.424055,0.0558011,1.52515,0.272275,0.125143,0.68651
279,273.138,2,0.0403926,0.453891,0.424422,0.0557471,1.52633,0.272306,0.125166,0.685883
280,271.832,2,0.0403886,0.453992,0.424568,0.055711,1.52736,0.27221,0.125305,0.68535
281,273.595,2,0.0403863,0.454052,0.424886,0.0556803,1.52735,0.27213,0.125384,0.684101
282,272.119,2,0.040386,0.45401,0.425872,0.055459,1.52774,0.272052,0.125625,0.683741
283,273.621,2,0.040388,0.454078,0.425597,0.0555466,1.52762,0.271906,0.125608,0.683601
284,274.28,2,0.0403799,0.454063,0.425779,0.0555405,1.52782,0.271721,0.125506,0.683844
285,274.06,2,0.0403766,0.454152,0.425663,0.055593,1.52886,0.271766,0.125334,0.684029
286,267.966,2,0.0403587,0.454172,0.426036,0.0554962,1.52902,0.271804,0.125198,0.683238
287,271.526,2,0.0403649,0.454286,0.425901,0.0555653,1.52915,0.271593,0.125058,0.682534
288,268.898,2,0.0403696,0.454373,0.426327,0.0554857,1.52976,0.271648,0.124856,0.681835
289,270.535,2,0.0403689,0.454385,0.426824,0.0553814,1.52988,0.271935,0.124728,0.681182
290,265.896,2,0.0403644,0.454338,0.427181,0.055251,1.52963,0.27222,0.12458,0.681143
291,272.183,2,0.04035,0.45432,0.42684,0.0553452,1.52881,0.272221,0.124434,0.680301
292,269.884,2,0.0403336,0.45439,0.426705,0.0553638,1.52858,0.272103,0.124455,0.679749
293,265.789,2,0.0403169,0.454435,0.426776,0.0553001,1.52837,0.272297,0.124439,0.678836
294,272.631,2,0.0403083,0.454499,0.426493,0.0553846,1.52853,0.272138,0.124386,0.678321
295,267.932,2,0.0403078,0.454538,0.426013,0.0554537,1.52839,0.271906,0.124455,0.678319
296,271.841,2,0.0403118,0.454539,0.42574,0.0555131,1.52815,0.271733,0.124527,0.678243
297,273.008,2,0.0403155,0.454662,0.425934,0.0555059,1.52808,0.271797,0.124504,0.677555
298,265.629,2,0.0403064,0.454743,0.426,0.0554596,1.52827,0.271867,0.124376,0.677194
299,274.226,2,0.0403062,0.454775,0.426543,0.0553682,1.52839,0.271981,0.124357,0.677053
300,279.961,2,0.0403047,0.454737,0.426849,0.0553377,1.5291,0.271803,0.124637,0.677098
301,268.943,2,0.0403048,0.454718,0.427438,0.0552158,1.52841,0.271582,0.124731,0.676167
302,272.519,2,0.0403078,0.454724,0.427752,0.0551646,1.52822,0.271387,0.124853,0.675668
303,276.167,2,0.0402966,0.454739,0.428824,0.054984,1.52837,0.271346,0.124898,0.675107
304,275.307,2,0.0402883,0.454808,0.42887,0.0549912,1.5283,0.271277,0.125064,0.674766
305,272.933,2,0.0402879,0.454809,0.429521,0.0548603,1.52899,0.271222,0.125133,0.674647
306,274.851,2,0.0402948,0.454784,0.429564,0.0548624,1.52918,0.271338,0.125139,0.674834
307,269.991,2,0.0402884,0.45469,0.429925,0.0547732,1.52868,0.271247,0.125193,0.67448
308,267.205,2,0.040287,0.454652,0.429427,0.0548373,1.52776,0.271046,0.12537,0.674093
309,274.323,2,0.0402904,0.454636,0.42962,0.0547858,1.52737,0.270974,0.125687,0.674042
310,274.504,2,0.040293,0.454609,0.429675,0.0547826,1.52707,0.271002,0.125803,0.673789
311,275.292,2,0.0402918,0.454613,0.429441,0.0548349,1.52684,0.271162,0.125912,0.673597
312,272.162,2,0.0402984,0.454608,0.429699,0.0547761,1.52709,0.271129,0.126004,0.673596
313,270.505,2,0.0402933,0.454698,0.42893,0.0549168,1.52711,0.270958,0.126109,0.673731
314,275.664,2,0.040283,0.454768,0.429668,0.0547987,1.5276,0.270778,0.126179,0.673311
315,278.829,2,0.0402698,0.4549,0.430216,0.0547197,1.52851,0.27061,0.126304,0.673577
316,274.079,2,0.0402607,0.454982,0.430698,0.0546178,1.52946,0.270423,0.126437,0.674038
317,270.099,2,0.040261,0.454979,0.430997,0.0545442,1.52977,0.270162,0.126488,0.67438
318,278.354,2,0.0402552,0.454956,0.431613,0.0544445,1.53006,0.270083,0.126562,0.674651
319,269.602,2,0.0402482,0.455017,0.431675,0.0544154,1.53058,0.27005,0.126576,0.67453
320,269.87,2,0.0402427,0.455108,0.431652,0.054403,1.53134,0.269993,0.126629,0.674448
321,275.423,2,0.0402325,0.455143,0.431634,0.0544319,1.53166,0.269923,0.126587,0.674294
322,272.714,2,0.0402219,0.45521,0.431979,0.0543717,1.53168,0.269855,0.126627,0.673907
323,272.353,2,0.0402178,0.455225,0.432446,0.0543018,1.53176,0.269944,0.126439,0.673459
324,273.773,2,0.0402127,0.455221,0.431896,0.0544383,1.53133,0.26976,0.126442,0.672867
325,263.907,2,0.0402108,0.455232,0.431763,0.0544131,1.53144,0.269831,0.126409,0.672932
326,276.191,2,0.0402056,0.455189,0.432109,0.0543534,1.53173,0.269872,0.126436,0.673029
327,275.24,2,0.0402002,0.45523,0.432456,0.0543041,1.53185,0.269667,0.126533,0.672845
328,270.458,2,0.0402005,0.455239,0.432743,0.054246,1.53208,0.269643,0.126469,0.672734
329,273.796,2,0.0402052,0.455193,0.432985,0.0541967,1.53201,0.269757,0.126459,0.672953
330,272.972,2,0.0402027,0.455173,0.432854,0.0542323,1.53176,0.269891,0.126371,0.672751
331,279.579,2,0.0401943,0.455233,0.432582,0.0543239,1.53223,0.269898,0.126353,0.672848
332,273.599,2,0.0401874,0.455249,0.432832,0.0542754,1.53236,0.269945,0.126357,0.672851
333,269.426,2,0.040181,0.455278,0.433014,0.0542038,1.53275,0.270088,0.126415,0.672985
334,275.82,2,0.0401797,0.455282,0.433213,0.0541851,1.53285,0.270251,0.126305,0.673031
335,271.986,2,0.0401801,0.455283,0.433324,0.054161,1.53297,0.270422,0.126274,0.672741
336,268.734,2,0.0401856,0.455306,0.43363,0.0540973,1.53308,0.27047,0.126197,0.672379
337,273.128,2,0.040183,0.455313,0.4333,0.0541711,1.533,0.2705,0.126213,0.671945
338,277.699,2,0.0401828,0.45533,0.432668,0.0543346,1.53265,0.270453,0.126255,0.671378
339,278.555,2,0.0401813,0.455383,0.433014,0.0542969,1.53271,0.27054,0.126287,0.671103
340,273.567,2,0.0401783,0.455451,0.433072,0.0542776,1.5333,0.270609,0.12634,0.67133
341,275.744,2,0.0401801,0.455469,0.432676,0.0543751,1.53297,0.270693,0.126327,0.671322
342,272.445,2,0.0401811,0.455431,0.433191,0.0542776,1.53243,0.270686,0.126318,0.671135
343,267.316,2,0.0401839,0.455431,0.433282,0.0542549,1.53214,0.270546,0.126275,0.670786
344,271.977,2,0.0401751,0.455476,0.433348,0.0542428,1.53219,0.270515,0.126272,0.670614
345,276.502,2,0.0401724,0.455504,0.43328,0.0542595,1.53264,0.270623,0.126281,0.671055
